listing_id,high,medium,low
7171949,0.038,0.52345,0.43855
7185456,0.01,0.079,0.911
6855487,0.023,0.129,0.848
6873373,0.017,0.1285,0.8545
6902233,0.038,0.128833333,0.833166667
6873033,0.013666667,0.094166667,0.892166667
6937777,0.105,0.33,0.565
6910712,0.0705,0.5965,0.333
6855602,0.039,0.644333333,0.316666667
6854624,0.099,0.285,0.616
6943052,0.066,0.3315,0.6025
6922225,0.016,0.069678571,0.914321429
6873570,0.022,0.068678571,0.909321429
6854704,0.01,0.149666667,0.840333333
6855516,0.023,0.787,0.19
6938382,0.035,0.6695,0.2955
6873017,0.035,0.6695,0.2955
6855544,0.058,0.235,0.707
6867603,0.005,0.5299,0.4651
6902255,0.029,0.103333333,0.867666667
6918889,0.006,0.5449,0.4491
7079965,0.066,0.295,0.639
6943672,0.002,0.5035,0.4945
6921692,0.013,0.118,0.869
6943178,0.002,0.034,0.964
6911111,0.007,0.084,0.909
6901748,0.003,0.023,0.974
6854687,0.0295,0.0979,0.8726
6888879,0.012,0.154571429,0.833428571
6921835,0.033833333,0.136933333,0.829233333
6938434,0.064,0.52,0.416
6921646,0.053,0.605,0.342
6901908,0.0418,0.1568,0.8014
6922714,0.02,0.087,0.893
6814711,0.053,0.23,0.717
6866917,0.0418,0.1568,0.8014
6854706,0.025333333,0.119,0.855666667
6889336,0.009,0.091,0.9
6938028,0.065,0.423,0.512
6873152,0.052,0.139,0.809
6855351,0.027,0.08,0.893
6910064,0.07,0.201,0.729
6867402,0.064,0.1485,0.7875
6943772,0.074,0.1655,0.7605
6937850,0.04,0.542333333,0.417666667
6910962,0.047,0.478,0.475
6855268,0.018,0.203,0.779
6942906,0.067,0.365,0.568
6910418,0.026,0.159,0.815
6901515,0.0258,0.3162,0.658
6868052,0.064,0.402,0.534
6867904,0.032,0.489,0.479
6889667,0.025,0.192,0.783
6901643,0.019,0.203,0.778
6937705,0.007,0.02125,0.97175
6922542,0.038,0.577,0.385
7061356,0.0375,0.2205,0.742
6969589,0.025,0.2415,0.7335
7060569,0.04,0.3075,0.6525
7049593,0.02,0.23,0.75
7159821,0.01225,0.49275,0.495
7173324,0.03,0.4715,0.4985
7200811,0.017,0.476,0.507
7110452,0.0274,0.3181,0.6545
7092706,0.019,0.22325,0.75775
7061476,0.034,0.296666667,0.669333333
7092476,0.011,0.078,0.911
6970100,0.159,0.429,0.412
7211772,0.144666667,0.35495,0.500383333
7178339,0.048,0.442166667,0.509833333
7195130,0.05,0.295433333,0.654566667
7185281,0.054,0.325266667,0.620733333
7211847,0.057,0.858,0.085
7110961,0.091,0.725,0.184
6958983,0.11,0.463333333,0.426666667
7132113,0.045,0.2013,0.7537
7211478,0.055,0.224333333,0.720666667
7159499,0.029,0.163833333,0.807166667
7159769,0.035,0.275666667,0.689333333
7178180,0.056,0.326666667,0.617333333
7171459,0.03,0.123128571,0.846871429
7031715,0.092,0.141333333,0.766666667
7200626,0.043,0.518666667,0.438333333
7131955,0.049,0.511688095,0.439311905
6970077,0.123,0.445,0.432
7159269,0.023,0.5956,0.3814
7110982,0.018,0.76235,0.21965
7050454,0.039,0.61495,0.34605
6959739,0.051,0.468183333,0.480816667
7172339,0.069,0.230995238,0.700004762
7110150,0.054,0.206,0.74
7211573,0.072,0.452916667,0.475083333
7159626,0.107,0.296166667,0.596833333
7105154,0.079,0.292666667,0.628333333
7065856,0.066,0.319433333,0.614566667
6970445,0.233,0.414,0.353
7093219,0.047,0.2555,0.6975
6958498,0.045,0.339,0.616
7061345,0.02,0.241,0.739
7134494,0.026,0.222583333,0.751416667
7158983,0.021,0.223666667,0.755333333
7195217,0.021,0.223666667,0.755333333
7136709,0.03,0.510666667,0.459333333
7160365,0.025,0.54,0.435
7136198,0.015,0.1535,0.8315
7171233,0.017,0.172,0.811
7110250,0.017,0.113333333,0.869666667
7079716,0.025,0.146,0.829
7173753,0.013,0.133666667,0.853333333
7115199,0.073,0.349702381,0.577297619
7172462,0.086,0.319369048,0.594630952
7194644,0.088333333,0.426029365,0.485637302
7049414,0.05,0.343035714,0.606964286
7110696,0.019,0.143,0.838
7226750,0.002,0.059333333,0.938666667
7159398,0.01,0.048,0.942
7209442,0.026,0.17395,0.80005
7126981,0.018,0.1715,0.8105
7172516,0.015,0.188,0.797
7111193,0.025,0.1954,0.7796
7158827,0.021,0.168066667,0.810933333
7127078,0.015,0.185333333,0.799666667
7159292,0.014,0.148333333,0.837666667
7159489,0.027,0.2005,0.7725
7210389,0.03,0.224266667,0.745733333
7050483,0.13075,0.4245,0.44475
7171135,0.011,0.081,0.908
7210773,0.009,0.106,0.885
6958670,0.108,0.362183333,0.529816667
7172107,0.0878,0.230166667,0.682033333
7170974,0.113,0.358,0.529
7142206,0.076,0.171,0.753
7110399,0.076,0.171,0.753
7060612,0.075,0.2365,0.6885
7049435,0.106,0.375266667,0.518733333
7093390,0.148,0.348,0.504
6971227,0.163,0.409,0.428
6958226,0.079,0.2583,0.6627
6971271,0.13,0.493,0.377
6958652,0.146,0.339,0.515
6959521,0.151,0.408,0.441
7065959,0.126,0.401333333,0.472666667
7060804,0.078,0.223,0.699
6970295,0.1675,0.3655,0.467
6959589,0.033,0.153666667,0.813333333
7132580,0.006,0.04,0.954
7195581,0.014,0.11,0.876
7173477,0.011,0.145,0.844
7178174,0.021,0.074,0.905
7160246,0.009,0.061,0.93
7173057,0.072,0.153,0.775
7211584,0.034,0.06,0.906
7078706,0.107,0.499,0.394
7131595,0.013,0.065,0.922
7098642,0.069,0.1835,0.7475
7211024,0.074,0.227666667,0.698333333
7131962,0.037,0.279,0.684
7159052,0.035333333,0.391,0.573666667
7031636,0.055,0.276666667,0.668333333
7038755,0.007,0.11,0.883
7002333,0.012333333,0.057666667,0.93
7003176,0.014,0.358083333,0.627916667
7075003,0.012,0.087,0.901
7135579,0.021,0.285,0.694
7120656,0.036,0.143,0.821
7050324,0.059,0.24,0.701
7195212,0.069,0.2655,0.6655
7126641,0.094,0.310333333,0.595666667
7060557,0.061,0.394,0.545
7171863,0.257,0.295,0.448
7074110,0.122,0.459333333,0.418666667
7039564,0.002,0.107,0.891
7139962,0.095,0.198,0.707
7120702,0.044,0.239,0.717
7120732,0.04,0.19,0.77
7031140,0.034,0.398,0.568
7025890,0.023,0.229,0.748
7024864,0.022,0.124,0.854
7071556,0.01,0.128,0.862
7211113,0.036,0.459583333,0.504416667
7170153,0.001,0.015,0.984
7201475,0.044,0.197,0.759
7031414,0.098,0.249,0.653
7071734,0.046,0.218166667,0.735833333
7074638,0.013,0.162,0.825
7032029,0.023,0.323,0.654
7025704,0.023,0.106,0.871
7093463,0.023,0.11,0.867
7134782,0.125,0.37,0.505
7078248,0.12125,0.20375,0.675
7139704,0.065,0.264,0.671
7050490,0.042,0.17,0.788
7074670,0.127,0.298,0.575
7032327,0.093,0.29335,0.61365
7033343,0.113,0.231,0.656
7031149,0.046,0.226,0.728
7008063,0.03,0.763,0.207
7232123,0.079,0.193166667,0.727833333
7170200,0.082,0.337,0.581
7032272,0.009,0.121,0.87
7192900,0.033,0.18675,0.78025
7210218,0.3808,0.4002,0.219
6957654,0.035,0.282416667,0.682583333
6847666,0.212,0.357,0.431
6875395,0.138,0.385,0.477
6838569,0.012,0.114,0.874
6930964,0.022,0.103,0.875
6838495,0.186,0.222,0.592
6899838,0.021,0.070333333,0.908666667
6946354,0.005,0.073,0.922
6899822,0.142,0.185,0.673
6941321,0.062,0.1845,0.7535
6899800,0.011,0.05,0.939
6856006,0.072,0.257,0.671
6815266,0.031,0.155,0.814
6967962,0.09,0.248,0.662
6915915,0.082,0.241,0.677
6946371,0.033,0.1425,0.8245
6930929,0.003,0.113,0.884
6890041,0.0445,0.2235,0.732
6936548,0.014,0.061,0.925
6838523,0.083,0.22225,0.69475
6829860,0.012,0.0475,0.9405
6890022,0.006,0.053,0.941
6890023,0.032,0.208583333,0.759416667
6856004,0.047,0.208666667,0.744333333
6848269,0.022,0.073333333,0.904666667
6899799,0.133666667,0.210083333,0.65625
6915918,0.021,0.13,0.849
6890019,0.088,0.263,0.649
6946361,0.051,0.096,0.853
6856014,0.1,0.217,0.683
6930933,0.028,0.222,0.75
6890044,0.025,0.101,0.874
6848302,0.117,0.201,0.682
6890028,0.08,0.1685,0.7515
6845714,0.097,0.277,0.626
6826940,0.426,0.291,0.283
6913766,0.038,0.20525,0.75675
6845703,0.141,0.07,0.789
6840695,0.134,0.170383333,0.695616667
6845718,0.139,0.205233333,0.655766667
6840697,0.386,0.372,0.242
6845720,0.386,0.372,0.242
6913770,0.169,0.276,0.555
6913775,0.247,0.336,0.417
6933665,0.023,0.183166667,0.793833333
6933659,0.135,0.392,0.473
6826944,0.044,0.183,0.773
6868765,0.03,0.196,0.774
6845704,0.012,0.1535,0.8345
6845715,0.014,0.1595,0.8265
6826943,0.601,0.214,0.185
6868763,0.129,0.2797,0.5913
6826946,0.13,0.300033333,0.569966667
6868766,0.064333333,0.186333333,0.749333333
6834538,0.046,0.184,0.77
6834537,0.107,0.336333333,0.556666667
6825109,0.005,0.059,0.936
6824481,0.006,0.047,0.947
6823696,0.027,0.139,0.834
6907521,0.391,0.307,0.302
6864786,0.031,0.268333333,0.700666667
6851720,0.332,0.4668,0.2012
7166126,0.021,0.1685,0.8105
7068739,0.021,0.1095,0.8695
7027059,0.009,0.062,0.929
7027373,0.012,0.102166667,0.885833333
6909100,0.013,0.122,0.865
7212034,0.031,0.077,0.892
6934449,0.051,0.147,0.802
7114557,0.006,0.097,0.897
6998287,0.008,0.037,0.955
6984470,0.018,0.055,0.927
6928794,0.018,0.174,0.808
7056557,0.029,0.051,0.92
6854413,0.026333333,0.073,0.900666667
6885078,0.087,0.104,0.809
6835993,0.028,0.134,0.838
6909339,0.004,0.122,0.874
6812345,0.111166667,0.1825,0.706333333
7122851,0.032,0.109,0.859
7122823,0.049,0.227,0.724
7051242,0.011,0.138,0.851
7015042,0.049,0.104,0.847
6928836,0.027,0.085,0.888
6928853,0.029,0.09,0.881
7100673,0.029,0.104,0.867
7106726,0.026,0.052,0.922
6836235,0.013,0.07,0.917
6929006,0.025,0.12,0.855
6854153,0.046,0.164,0.79
7153650,0.003,0.046,0.951
7153700,0.002,0.061,0.937
7153729,0.008,0.053,0.939
7111780,0,0.042,0.958
7082901,0,0.021,0.979
7082809,0,0.023,0.977
7153698,0,0.016,0.984
7153620,0.005,0.046,0.949
7186906,0.017,0.094,0.889
6909728,0.009,0.072,0.919
7187461,0.002,0.006,0.992
7186964,0.041,0.082,0.877
7027433,0.009,0.058,0.933
7165953,0.043,0.092,0.865
7020683,0.068,0.079,0.853
6981437,0.021,0.167,0.812
6812266,0.031,0.084,0.885
6939488,0.119,0.136,0.745
6835885,0.026,0.088,0.886
6812041,0.0795,0.0965,0.824
7156369,0.015,0.0724,0.9126
7156326,0.147,0.069,0.784
7106367,0.169,0.116,0.715
7196393,0.033,0.081,0.886
7094836,0.028,0.087,0.885
7202821,0.007,0.018,0.975
6965689,0.008,0.08,0.912
6965737,0.023,0.066,0.911
6954783,0.038,0.076,0.886
7077622,0.068,0.072,0.86
6998289,0.026,0.081,0.893
7153803,0.01025,0.03075,0.959
7106332,0.00925,0.05175,0.939
6885427,0.054,0.089,0.857
7095284,0.046,0.045,0.909
6998731,0.039,0.067,0.894
6984497,0.022,0.064333333,0.913666667
6928402,0.025,0.0596,0.9154
6928587,0.001,0.014,0.985
6885201,0.01,0.046,0.944
6885286,0.011,0.045,0.944
6961248,0.022,0.114,0.864
6928827,0.003,0.018,0.979
7156346,0.037666667,0.088333333,0.874
6954777,0.033,0.066,0.901
6961653,0.019,0.072,0.909
7080934,0.025,0.085,0.89
7020749,0.098,0.069,0.833
7156232,0.009,0.106,0.885
7014757,0.13,0.137,0.733
6885322,0.026,0.136,0.838
7026936,0.012,0.072,0.916
6965905,0.009,0.07,0.921
7034452,0.065,0.1895,0.7455
7220067,0.009,0.065,0.926
6812050,0.0388,0.1292,0.832
7114672,0.1,0.093,0.807
7166554,0.16,0.198,0.642
7034078,0.076533333,0.174466667,0.749
6972187,0.084,0.141,0.775
6977315,0.1105,0.1015,0.788
6934579,0.132,0.046,0.822
6914630,0.028,0.066,0.906
7095222,0.0715,0.123,0.8055
6976888,0.039,0.136,0.825
6976834,0.039,0.136,0.825
7056494,0.022,0.093,0.885
7014671,0.006,0.123,0.871
6984394,0.0765,0.181,0.7425
7219769,0.006,0.038,0.956
7081233,0.007,0.079,0.914
6928786,0.013,0.043,0.944
6854197,0.0095,0.0345,0.956
7213044,0.005,0.055,0.94
7034119,0.022,0.06,0.918
7034480,0.013,0.064,0.923
6961560,0.007,0.047,0.946
6972513,0.0415,0.1025,0.856
6961356,0.0215,0.0255,0.953
6914078,0.0065,0.0395,0.954
7095294,0.006,0.091,0.903
7187588,0.041,0.075466667,0.883533333
6965972,0.012,0.072,0.916
6961413,0.05,0.133,0.817
6928356,0.17,0.198,0.632
7219829,0.052,0.1345,0.8135
7087811,0.334,0.2,0.466
7100679,0.179,0.144,0.677
7138512,0.034,0.1125,0.8535
7217388,0.008,0.042,0.95
6998766,0.055,0.084333333,0.860666667
6977136,0.03,0.069333333,0.900666667
6811990,0.021,0.13,0.849
7080813,0.001,0.055,0.944
6981325,0.005,0.061,0.934
7051452,0.209,0.288,0.503
7056449,0.068,0.115,0.817
6812106,0.033,0.146666667,0.820333333
6812504,0.025,0.075,0.9
7186773,0.0238,0.0932,0.883
7122447,0.038,0.1395,0.8225
7056501,0.06,0.158,0.782
7051266,0.075,0.134,0.791
7068819,0.018,0.136,0.846
6920987,0.037,0.227,0.736
6817589,0.12,0.24,0.64
6939622,0.002,0.03,0.968
6909642,0.001,0.058,0.941
6939435,0.002,0.038,0.96
6939510,0.007,0.101,0.892
6939764,0.004,0.026,0.97
6822579,0.01,0.054,0.936
7222664,0.003,0.061833333,0.935166667
7220232,0.002,0.03775,0.96025
7138357,0.001,0.04925,0.94975
7153878,0.003,0.017,0.98
7087845,0.003,0.036666667,0.960333333
7106678,0.005,0.026,0.969
7220055,0.001,0.02075,0.97825
7220387,0.007,0.061,0.932
7222712,0.01,0.087,0.903
7222742,0.006,0.023,0.971
7222687,0.011,0.088,0.901
7222813,0.008,0.057,0.935
7056705,0.0085,0.0655,0.926
7056378,0.021,0.13,0.849
7156313,0.011,0.031,0.958
6977319,0.008,0.1485,0.8435
7056704,0.002,0.033,0.965
7056400,0.013,0.07,0.917
7020519,0.005,0.072,0.923
6939815,0.029,0.057,0.914
6939834,0.014,0.030333333,0.955666667
7187096,0.003,0.028,0.969
7018069,0.099,0.211,0.69
7100637,0.104,0.159,0.737
6992649,0.01,0.069,0.921
7068379,0.012,0.057,0.931
6998113,0.001,0.0465,0.9525
6976842,0.005,0.043,0.952
7067598,0.002,0.0516,0.9464
6977310,0.007,0.057,0.936
7114508,0.017,0.039,0.944
7068720,0.035,0.069,0.896
6998192,0.007,0.048,0.945
6822653,0.017,0.05,0.933
6869690,0.044,0.107,0.849
7187042,0.009,0.034,0.957
6928377,0.005,0.039,0.956
6992756,0.007,0.052,0.941
7017926,0.003,0.031,0.966
7056623,0.002,0.04,0.958
7138523,0.004,0.069,0.927
7153719,0.007,0.056,0.937
7186400,0.004,0.012,0.984
7187321,0.002,0.026,0.972
7068820,0.04,0.138,0.822
7056620,0.039,0.205,0.756
6854164,0.022,0.065,0.913
7067601,0.051,0.12,0.829
6965757,0.031,0.071,0.898
6981695,0.187,0.2103,0.6027
6972279,0.069,0.096,0.835
6998520,0.09875,0.132583333,0.768666667
7067834,0.039,0.111833333,0.849166667
7017937,0.012,0.0425,0.9455
7020840,0.047,0.0995,0.8535
6854154,0.063,0.223,0.714
6954762,0.039,0.399,0.562
7219944,0.017,0.072,0.911
7018015,0.047,0.1872,0.7658
6981460,0.077,0.272,0.651
6981513,0.264,0.288,0.448
7095171,0.0625,0.2985,0.639
6909111,0.344666667,0.264333333,0.391
7067516,0.005,0.028,0.967
6827845,0.083,0.126,0.791
7114504,0.026,0.0585,0.9155
7114523,0.013,0.049666667,0.937333333
6923899,0.105,0.148,0.747
7122476,0.191,0.097,0.712
7106213,0.062,0.185,0.753
6921146,0.04,0.091,0.869
7138704,0.123,0.11,0.767
7179328,0.076,0.115,0.809
7040243,0.074,0.159,0.767
7020769,0.076,0.0948,0.8292
7081200,0.024,0.101,0.875
7018063,0.023,0.076,0.901
6965826,0.112,0.255,0.633
6966078,0.08,0.117,0.803
6835810,0.12,0.093,0.787
6854366,0.116,0.105,0.779
6885254,0.036,0.277,0.687
7153760,0.033,0.19325,0.77375
7095021,0.018,0.10725,0.87475
7138319,0.073,0.139,0.788
6812339,0.0335,0.152,0.8145
6909324,0.029,0.244,0.727
6812052,0.0335,0.152,0.8145
6812424,0.03,0.176,0.794
7087784,0.0195,0.105,0.8755
7087803,0.024,0.118,0.858
7186939,0.057,0.197,0.746
7082998,0.142,0.221,0.637
7087767,0.114,0.192,0.694
6928977,0.126,0.3175,0.5565
6914189,0.0395,0.178,0.7825
7207729,0.031,0.115,0.854
7068358,0.013,0.097,0.89
6998542,0.0295,0.3235,0.647
6961772,0.024,0.105,0.871
7094614,0.011,0.058,0.931
6972318,0.083,0.209,0.708
7051326,0.039,0.074,0.887
7114436,0.018,0.07,0.912
7114520,0.088,0.116,0.796
6984393,0.018,0.086,0.896
7003844,0.082,0.109,0.809
6984430,0.3,0.132,0.568
6972207,0.065,0.15,0.785
7153836,0.37,0.198,0.432
7153875,0.308,0.063,0.629
6984391,0.341,0.097,0.562
7156368,0.064,0.1995,0.7365
6850651,0.449,0.303,0.248
6845443,0.2915,0.393833333,0.314666667
6850671,0.069,0.2145,0.7165
6845439,0.462,0.258,0.28
6850670,0.451,0.32,0.229
6822166,0.328,0.611,0.061
6840854,0.465,0.31,0.225
7100690,0.166,0.174,0.66
6888438,0.01,0.019,0.971
6914117,0.024,0.064,0.912
6850935,0.008,0.033,0.959
7106352,0.001,0.032,0.967
7034298,0.125,0.466166667,0.408833333
6992809,0.018,0.058,0.924
6914186,0.04,0.088,0.872
6863012,0.074833333,0.117166667,0.808
6873791,0.047,0.1358,0.8172
6975493,0.02,0.086333333,0.893666667
6833626,0.0195,0.0855,0.895
6868341,0.032,0.118,0.85
6927713,0.038,0.549,0.413
6960173,0.054,0.2808,0.6652
7002235,0.1425,0.2925,0.565
6902071,0.015,0.124,0.861
6901862,0.001,0.044,0.955
6867089,0.023,0.341,0.636
6867096,0.018,0.194,0.788
6935951,0.02,0.2125,0.7675
6818373,0.118,0.733,0.149
6963980,0.5776,0.156,0.2664
6959744,0.108,0.33,0.562
6816590,0.055,0.220666667,0.724333333
6902415,0.563,0.289,0.148
6906682,0.03,0.1755,0.7945
7039243,0.023,0.1906,0.7864
6815738,0.0735,0.463,0.4635
6964939,0.116,0.487166667,0.396833333
7049453,0.024,0.19575,0.78025
7050251,0.013,0.071,0.916
6867411,0.069,0.1885,0.7425
6867694,0.002,0.046,0.952
6832131,0.011,0.212,0.777
7002492,0.072,0.134,0.794
6902541,0.008,0.037,0.955
6868029,0.011,0.3259,0.6631
7141776,0.2334,0.579933333,0.186666667
7001948,0.2154,0.586933333,0.197666667
6958646,0.0915,0.324666667,0.583833333
7141136,0.019,0.203,0.778
6959218,0.071833333,0.300166667,0.628
6816220,0.2981,0.4919,0.21
6947575,0.1075,0.5535,0.339
6973441,0.2547,0.3545,0.3908
6958996,0.114,0.266666667,0.619333333
6959590,0.116583333,0.255416667,0.628
6978810,0.3255,0.4045,0.27
6996131,0.076,0.109,0.815
6868131,0.025,0.1235,0.8515
7002279,0.05,0.21325,0.73675
6867643,0.019,0.1355,0.8455
6815679,0.078,0.2426,0.6794
6964610,0.027,0.1822,0.7908
6979433,0.09,0.266333333,0.643666667
7039178,0.1235,0.28925,0.58725
7177829,0.022,0.24975,0.72825
7001800,0.012,0.118,0.87
6910478,0.052,0.26,0.688
7178303,0.125,0.333,0.542
6922386,0.145,0.545,0.31
6958381,0.081,0.331333333,0.587666667
6945567,0.025,0.227,0.748
7038969,0.105,0.344,0.551
7001889,0.039,0.264333333,0.696666667
7039545,0.116,0.255,0.629
7091378,0.22,0.189,0.591
7052232,0.1145,0.2345,0.651
7140948,0.114466667,0.178533333,0.707
6978975,0.0445,0.2505,0.705
6942686,0.06,0.391666667,0.548333333
6867192,0.023,0.089,0.888
6821805,0.017,0.072,0.911
6873427,0.065,0.151033333,0.783966667
7098636,0.025,0.0845,0.8905
7170504,0.0845,0.3265,0.589
7025429,0.435,0.230666667,0.334333333
7019337,0.069,0.246,0.685
6868165,0.055,0.282,0.663
6820528,0.072666667,0.279333333,0.648
7083526,0.1435,0.315,0.5415
6901405,0.246,0.324,0.43
7221308,0.066,0.334,0.6
7173396,0.016,0.057,0.927
7185039,0.089,0.354,0.557
7193039,0.027,0.089,0.884
7019046,0.041,0.171,0.788
6943721,0.031,0.399,0.57
6839623,0.006,0.125333333,0.868666667
6942874,0.0365,0.2535,0.71
6850207,0.065,0.211433333,0.723566667
6920346,0.03,0.1,0.87
7193930,0.023,0.119,0.858
6832327,0.0335,0.215,0.7515
6854667,0.723,0.132,0.145
6943444,0.038,0.153433333,0.808566667
6884349,0.123,0.3493,0.5277
6861347,0.11,0.422966667,0.467033333
7092562,0.105,0.30575,0.58925
7173498,0.2925,0.3865,0.321
7083524,0.04,0.084,0.876
7032270,0.028,0.08,0.892
7002056,0.1874,0.3757,0.4369
7061425,0.079,0.28505,0.63595
7084225,0.098,0.413,0.489
7019238,0.039,0.1224,0.8386
7018630,0.076,0.266583333,0.657416667
6907827,0.614,0.233,0.153
6948035,0.055,0.083666667,0.861333333
7126640,0.022,0.126,0.852
7061086,0.069,0.214,0.717
7018833,0.063,0.226,0.711
6908100,0.315,0.3155,0.3695
6895212,0.261,0.255333333,0.483666667
7018437,0.009,0.046,0.945
7084205,0.097,0.497,0.406
6873609,0.09,0.209,0.701
6853815,0.028,0.152,0.82
7083441,0.035,0.078,0.887
6991533,0.136,0.166,0.698
7120612,0.027,0.343,0.63
6821663,0.126,0.279,0.595
7158705,0.081,0.201833333,0.717166667
7019184,0.041,0.299,0.66
6925270,0.03,0.621,0.349
6859957,0.016,0.244,0.74
6882865,0.012,0.23,0.758
6818620,0.057666667,0.178,0.764333333
6993589,0.031,0.302,0.667
6940213,0.599,0.175,0.226
6837117,0.213988095,0.432011905,0.354
6952567,0.559666667,0.272333333,0.168
6944169,0.012,0.069,0.919
6966070,0.085,0.231,0.684
7111546,0.003,0.019,0.978
6972159,0.004,0.026,0.97
7111774,0.014,0.091,0.895
7187158,0.004666667,0.016333333,0.979
7087794,0.006,0.013,0.981
7087855,0.006,0.012,0.982
6965706,0.001,0.028,0.971
6909662,0.036,0.1676,0.7964
6914416,0.08625,0.18475,0.729
6934632,0.06,0.336,0.604
7094674,0.028,0.169,0.803
7202632,0.044,0.121,0.835
6899272,0.0776,0.263,0.6594
6939742,0.006,0.147333333,0.846666667
7106118,0.184,0.178,0.638
6972097,0.006,0.1018,0.8922
6994422,0.105066667,0.2723,0.622633333
6971998,0.006,0.1018,0.8922
6835848,0.002,0.021,0.977
7105224,0.003,0.058,0.939
7223843,0.01255,0.278783333,0.708666667
7000820,0.007,0.081733333,0.911266667
7034586,0.044,0.119,0.837
7029207,0.011,0.0535,0.9355
6819973,0.0245,0.1185,0.857
6885424,0.022,0.088666667,0.889333333
6891152,0.046,0.327,0.627
7109702,0.014,0.0476,0.9384
6939459,0.0156,0.0884,0.896
6841157,0.006,0.072,0.922
6815466,0.01,0.027,0.963
7207521,0.013,0.055733333,0.931266667
6913654,0.096,0.232,0.672
6972167,0.132,0.178,0.69
7040679,0.014,0.131,0.855
7166056,0.016,0.075,0.909
6939517,0.002,0.071333333,0.926666667
6857003,0.052333333,0.1075,0.840166667
6936534,0.005,0.044,0.951
6843193,0.095,0.087,0.818
6812487,0.073,0.073,0.854
6915858,0.016,0.056,0.928
6812210,0.05,0.058,0.892
6917394,0.075333333,0.124,0.800666667
6915848,0.011,0.055,0.934
7087769,0.004,0.05,0.946
6894036,0.012,0.051,0.937
7113248,0.026,0.0885,0.8855
7113508,0.013,0.048,0.939
7116572,0.0255,0.1405,0.834
7113313,0.013,0.051,0.936
6979124,0.038,0.063,0.899
6967829,0.033666667,0.12425,0.842083333
6982975,0.008,0.052,0.94
7003977,0.068,0.111,0.821
7005756,0.013,0.069,0.918
6963377,0.009,0.089,0.902
7079229,0.108,0.197,0.695
6946262,0.008,0.043,0.949
6876525,0.014,0.042,0.944
7138615,0.031,0.175,0.794
7131510,0.001,0.022,0.977
7196313,0.089,0.169,0.742
7034833,0.011,0.598,0.391
7034387,0.007,0.58,0.413
7034362,0.017,0.197333333,0.785666667
7034269,0.0195,0.2355,0.745
7017982,0.031,0.163,0.806
6854306,0.005,0.044,0.951
6900707,0.0105,0.054,0.9355
6944273,0.0785,0.1975,0.724
6846359,0.015,0.111,0.874
6863197,0.069333333,0.098,0.832666667
7148788,0.003,0.0125,0.9845
6928925,0.035,0.097,0.868
7122634,0.055333333,0.129,0.815666667
7109521,0.006,0.017,0.977
7208324,0.003,0.011,0.986
7227956,0.0495,0.195,0.7555
7228547,0.037,0.09,0.873
6966098,0.1335,0.251,0.6155
7073066,0.344616667,0.2755,0.379883333
7109137,0.002,0.02,0.978
6841687,0.03,0.12025,0.84975
7136834,0.024,0.066,0.91
7196732,0.018,0.371,0.611
7176315,0.05,0.146666667,0.803333333
7011354,0,0.0424,0.9576
7045601,0.044,0.111,0.845
7011324,0,0.0224,0.9776
6835920,0.016,0.156,0.828
7207474,0.023,0.160966667,0.816033333
6836695,0.107,0.132,0.761
6876746,0.023,0.079,0.898
6829771,0.01,0.051,0.939
6836155,0.029,0.127,0.844
7224835,0.0325,0.0686,0.8989
7113370,0.1125,0.1055,0.782
7122643,0.04,0.089,0.871
7103022,0.114333333,0.210666667,0.675
7109757,0.052,0.094,0.854
7113493,0.111,0.1,0.789
7091027,0.0525,0.1355,0.812
7122415,0.012,0.062,0.926
7090862,0.043,0.083,0.874
7059128,0.009,0.049,0.942
6976990,0.021,0.085,0.894
6963286,0.041,0.104,0.855
6983010,0.01,0.0465,0.9435
7022403,0.0265,0.0915,0.882
6974120,0.009,0.067,0.924
7113295,0.048,0.0735,0.8785
7074817,0.012,0.072,0.916
7011311,0.012,0.042,0.946
7114691,0.133666667,0.131,0.735333333
6814961,0.04875,0.09225,0.859
6882778,0.012,0.042,0.946
6913664,0.235333333,0.2795,0.485166667
7219994,0.024,0.089,0.887
7095152,0.005,0.038,0.957
7040185,0.01,0.08,0.91
7210648,0.01925,0.097,0.88375
7037314,0.016,0.079,0.905
6906696,0.012,0.121,0.867
6923880,0.008,0.037,0.955
6853520,0.014,0.138333333,0.847666667
6853028,0.046428571,0.2123,0.741271429
7131511,0.001,0.015,0.984
7155274,0.018,0.106916667,0.875083333
7153653,0.006,0.056,0.938
7128736,0.03,0.1,0.87
7094991,0.005,0.068,0.927
7095194,0.005,0.068,0.927
6977334,0.009,0.089,0.902
7080221,0.053,0.106,0.841
7038282,0.007,0.038,0.955
7016709,0.005,0.033,0.962
6853086,0.006,0.091,0.903
6903774,0,0.002,0.998
6869567,0.052,0.038,0.91
6827545,0.009,0.058,0.933
7205361,0.006,0.018,0.976
6834576,0.056,0.259183333,0.684816667
6863517,0.012,0.075,0.913
6869622,0.009,0.062,0.929
6884167,0.021,0.066,0.913
6857007,0.029,0.094,0.877
7182218,0.024,0.117,0.859
7223290,0.028,0.1045,0.8675
7116764,0.008,0.091,0.901
6960417,0.026,0.23,0.744
7082464,0.006,0.0584,0.9356
6966185,0.014,0.086,0.9
6961412,0.004,0.089,0.907
6852391,0.03,0.089,0.881
6915925,0.043,0.099,0.858
6882746,0.073,0.097,0.83
7113384,0.043,0.059,0.898
7016420,0.016,0.066,0.918
7059097,0.031,0.085,0.884
7063790,0.034,0.078,0.888
6963341,0.069,0.063,0.868
6821472,0.059,0.108,0.833
6965449,0.150583333,0.2725,0.576916667
6933392,0.035,0.232666667,0.732333333
6872894,0.01,0.0595,0.9305
6897967,0.018,0.051,0.931
7227986,0.001,0.011,0.988
7098065,0.002,0.012,0.986
7109546,0.001,0.026,0.973
7176325,0.020416667,0.115583333,0.864
6986224,0.002,0.018,0.98
6934326,0.007,0.027,0.966
6827058,0.0155,0.137866667,0.846633333
6934145,0.017,0.133333333,0.849666667
6934153,0.009,0.127,0.864
6939010,0.010333333,0.325166667,0.6645
6856734,0.031,0.1405,0.8285
6822283,0,0.269,0.731
6890790,0.024,0.158666667,0.817333333
6873565,0.006,0.0555,0.9385
6868853,0.014183333,0.4165,0.569316667
6873991,0.019333333,0.183166667,0.7975
6868818,0.019,0.287166667,0.693833333
6948406,0.017,0.093833333,0.889166667
6913836,0.080166667,0.144,0.775833333
6938962,0.003,0.079,0.918
6883799,0.014,0.060666667,0.925333333
7165609,0.008,0.165016667,0.826983333
6934106,0.009,0.093,0.898
7133045,0.007,0.052,0.941
7153529,0.02,0.039,0.941
7133063,0.0155,0.17975,0.80475
7165670,0.017,0.085,0.898
7127723,0.004,0.2075,0.7885
7153648,0.013,0.047,0.94
7150842,0.003,0.05,0.947
7165624,0.005,0.172,0.823
7165647,0.006,0.093,0.901
7187037,0.002,0.011,0.987
7127711,0.003,0.650833333,0.346166667
7233955,0.007,0.3685,0.6245
7202078,0.0245,0.139,0.8365
7153561,0.003,0.04,0.957
7143435,0.002,0.032,0.966
7127716,0.006,0.1695,0.8245
7133065,0.003,0.093,0.904
7072708,0.004,0.059,0.937
7059262,0.028,0.101,0.871
6960710,0.011,0.115,0.874
6971862,0.011,0.102,0.887
6960590,0.008,0.182,0.81
6991883,0.004,0.108,0.888
6987162,0.017,0.065,0.918
7020190,0.03,0.1735,0.7965
6954427,0.005,0.234,0.761
7037342,0.009,0.046,0.945
7020194,0,0.149,0.851
6987217,0.0215,0.2305,0.748
7080753,0.2375,0.2265,0.536
6991871,0.023,0.1805,0.7965
7082732,0.21,0.185,0.605
7095220,0.008,0.036,0.956
6991850,0.02,0.139166667,0.840833333
6987216,0.024,0.126833333,0.849166667
6987222,0.014,0.125,0.861
7127700,0.003,0.125,0.872
7067074,0.007,0.229333333,0.763666667
6934131,0.017,0.127333333,0.855666667
6934129,0.001,0.048,0.951
6934139,0.001,0.056333333,0.942666667
6874001,0.019,0.121,0.86
6913834,0.003,0.143,0.854
6822111,0.022,0.095,0.883
6868805,0.003333333,0.149,0.847666667
6934184,0.007,0.2125,0.7805
6891254,0.021433333,0.439566667,0.539
6868868,0.009433333,0.3495,0.641066667
7138083,0.023,0.131333333,0.845666667
6917032,0.177,0.136,0.687
6938995,0.006333333,0.274166667,0.7195
6933985,0.016,0.0425,0.9415
6938974,0.028833333,0.332166667,0.639
6934182,0.011,0.089933333,0.899066667
7034459,0.015,0.1334,0.8516
6967897,0.013,0.0794,0.9076
6846268,0.032,0.063,0.905
6926418,0.007,0.029333333,0.963666667
6835949,0.028,0.075,0.897
6934430,0.005,0.063333333,0.931666667
7138391,0.0335,0.117833333,0.848666667
7176327,0.011,0.135,0.854
6977287,0.002,0.090333333,0.907666667
6992321,0.048,0.098,0.854
6987294,0.015,0.19175,0.79325
7034281,0.01,0.051,0.939
6894807,0,0.019,0.981
6869680,0.001,0.028,0.971
6922753,0.0175,0.162833333,0.819666667
7130187,0.013,0.073,0.914
6923789,0.004,0.02,0.976
7179062,0.319,0.275833333,0.405166667
6812597,0.01,0.059,0.931
6869524,0.075,0.159666667,0.765333333
7133871,0.034,0.133,0.833
7091096,0.016,0.1676,0.8164
7163827,0.002,0.0486,0.9494
7153866,0.02,0.115,0.865
6952247,0.017,0.048,0.935
7076200,0.1255,0.1375,0.737
6923418,0.012,0.26,0.728
6862520,0.051,0.219666667,0.729333333
7339916,0.016,0.2555,0.7285
7133039,0.024,0.241866667,0.734133333
7133072,0.071,0.315904762,0.613095238
7133079,0.095,0.363904762,0.541095238
6997909,0.08775,0.381333333,0.530916667
7051300,0.005,0.124,0.871
7007517,0.022833333,0.1728,0.804366667
6967903,0.038,0.1533,0.8087
7100382,0.021,0.277166667,0.701833333
6997901,0.093,0.358,0.549
6834738,0.024,0.065833333,0.910166667
6913646,0.013,0.125,0.862
7109147,0.003,0.03,0.967
7231481,0.012,0.017,0.971
6961700,0.021,0.1035,0.8755
6952195,0.028,0.065,0.907
6860327,0.003,0.028,0.969
6848126,0.031,0.113666667,0.855333333
7233754,0.159166667,0.176333333,0.6645
7008971,0.172,0.567,0.261
7009155,0.19,0.401,0.409
7051200,0.079616667,0.195383333,0.725
6871511,0.07625,0.11575,0.808
7196880,0.059,0.122,0.819
6900218,0.022,0.048,0.93
7094849,0.05,0.061,0.889
7108723,0.009,0.022,0.969
6953540,0.013,0.0355,0.9515
7076315,0.045,0.141,0.814
7019585,0.044,0.062,0.894
7076157,0.051,0.15,0.799
7004121,0.127,0.106,0.767
7015033,0.066,0.13,0.804
7074847,0.043,0.088,0.869
7168185,0.025,0.0526,0.9224
6985974,0.034,0.043,0.923
7003965,0.0915,0.114,0.7945
6915855,0.038,0.083,0.879
7153486,0.0475,0.145,0.8075
6841605,0.00775,0.06475,0.9275
7222160,0.007,0.035,0.958
7039747,0.011966667,0.117533333,0.8705
6819891,0.008,0.079,0.913
7174566,0.018,0.058333333,0.923666667
7106024,0.018,0.217666667,0.764333333
6812157,0.0425,0.1595,0.798
7095107,0.014,0.035,0.951
7196585,0.02,0.101,0.879
7205463,0.004,0.017,0.979
7199141,0.139,0.171642857,0.689357143
7008844,0.208816667,0.284583333,0.5066
6967980,0.012,0.0805,0.9075
6961619,0.009,0.035,0.956
7054115,0.011,0.057,0.932
7048256,0.016,0.047833333,0.936166667
6967985,0.009,0.0804,0.9106
6821504,0.016,0.070666667,0.913333333
7155738,0.057,0.113,0.83
7158378,0.015,0.079,0.906
7045744,0.011,0.1255,0.8635
7016440,0.036,0.096,0.868
7040631,0.013,0.225,0.762
7045559,0.015666667,0.136,0.848333333
7022978,0.017,0.098,0.885
6900172,0.031,0.077,0.892
7143910,0.02,0.123666667,0.856333333
6885550,0.036,0.079,0.885
6874876,0.032,0.133,0.835
6875012,0.085,0.173,0.742
6877207,0.036,0.124,0.84
7155600,0.3065,0.1615,0.532
6952235,0.203,0.214,0.583
6878066,0.066,0.207,0.727
6845768,0.2335,0.243,0.5235
7176326,0.027,0.185,0.788
7054151,0.006,0.1216,0.8724
6853454,0.01,0.057,0.933
6948360,0.057,0.214,0.729
6836150,0.01,0.063,0.927
7193170,0.007,0.051,0.942
7106525,0.023666667,0.095333333,0.881
7204758,0.038,0.117,0.845
7219853,0.026,0.066,0.908
6835721,0.004,0.08775,0.90825
6828043,0.04975,0.17625,0.774
7045076,0.018,0.072,0.91
7027068,0.080166667,0.2955,0.624333333
6882735,0.006,0.036,0.958
7127594,0.02,0.198583333,0.781416667
6965752,0.012,0.095,0.893
7163097,0.002,0.016,0.982
6882700,0.007,0.03,0.963
6920847,0.011,0.107,0.882
6882726,0.009,0.103,0.888
7003306,0.079,0.268,0.653
6934718,0.017,0.095,0.888
6921090,0.006,0.028,0.966
7213175,0.007,0.043,0.95
7007314,0.022,0.1995,0.7785
6934862,0.014,0.073,0.913
6841544,0.017,0.04,0.943
6944417,0.024,0.188266667,0.787733333
6835551,0.019,0.07,0.911
7094223,0.225666667,0.239261905,0.535071429
7076890,0.0145,0.177,0.8085
6827757,0.014,0.119666667,0.866333333
6854331,0.021,0.087333333,0.891666667
6868887,0.013,0.100666667,0.886333333
7213118,0.104,0.136,0.76
7125323,0.012,0.064,0.924
7020496,0.043333333,0.136,0.820666667
6913934,0.021,0.074,0.905
6937525,0.021,0.050333333,0.928666667
6868878,0.0225,0.199433333,0.778066667
7166083,0.014,0.049333333,0.936666667
6928700,0.115833333,0.19,0.694166667
7094055,0.1095,0.126,0.7645
7155344,0.017,0.0865,0.8965
7056402,0.024,0.101,0.875
7120345,0.239,0.215,0.546
7056758,0.046,0.12,0.834
6869375,0.027,0.065,0.908
6884926,0.062,0.171,0.767
6885415,0.055,0.176,0.769
6972440,0.054666667,0.119666667,0.825666667
7173039,0.005,0.046,0.949
6873543,0.006,0.038,0.956
7156070,0.056266667,0.099733333,0.844
6934627,0.005,0.028,0.967
6944447,0.04,0.17,0.79
7155285,0.013,0.067,0.92
7220026,0.004,0.025,0.971
6934852,0.01,0.042,0.948
6903693,0.054666667,0.198333333,0.747
7155358,0.013,0.046,0.941
6923479,0.016,0.1175,0.8665
6944008,0.025,0.102466667,0.872533333
6812600,0.009,0.075666667,0.915333333
7121691,0.012,0.104,0.884
7196216,0.027,0.208083333,0.764916667
7130192,0.017,0.129,0.854
7121688,0.046,0.2015,0.7525
7121686,0.006,0.055,0.939
7202122,0.017,0.122166667,0.860833333
7178706,0.058,0.1684,0.7736
7202082,0.025,0.219066667,0.755933333
6960703,0.013,0.1506,0.8364
7368618,0.0195,0.102166667,0.878333333
6954542,0.006,0.095,0.899
6868899,0.02,0.098416667,0.881583333
6812098,0.01,0.087833333,0.902166667
6834751,0.009,0.090166667,0.900833333
6938941,0.008,0.12425,0.86775
6817519,0.053333333,0.203416667,0.74325
6960927,0.023,0.1035,0.8735
7076228,0.0495,0.1552,0.7953
7196320,0.1,0.169,0.731
6933926,0.056,0.125,0.819
7165022,0.0815,0.24,0.6785
7155487,0.027,0.104666667,0.868333333
6854218,0.094,0.177,0.729
6930672,0.095,0.3035,0.6015
6905724,0.067071429,0.090928571,0.842
6885302,0.061,0.152,0.787
6905528,0.075,0.093,0.832
6885606,0.029,0.165,0.806
7111832,0.037,0.164,0.799
7166015,0.014,0.096,0.89
7220397,0.015,0.1115,0.8735
7133745,0.094,0.15,0.756
7196466,0.014,0.075,0.911
7037458,0.088,0.118,0.794
7048395,0.015,0.0545,0.9305
7014626,0.017,0.08,0.903
7216022,0.019,0.176,0.805
7077155,0.035,0.129,0.836
6961222,0.0126,0.0694,0.918
7014526,0.035933333,0.114066667,0.85
7020025,0.104,0.161,0.735
6974125,0.025,0.071,0.904
7029201,0.05525,0.09175,0.853
7034573,0.037333333,0.116666667,0.846
7063551,0.0655,0.1605,0.774
6934322,0.061,0.126,0.813
6885500,0.057,0.185,0.758
6885007,0.1,0.157,0.743
6860389,0.006,0.036,0.958
6905652,0.02,0.083,0.897
6919182,0.004,0.043,0.953
6934891,0.069,0.216,0.715
7166259,0.129,0.245,0.626
6853142,0.011,0.132,0.857
7022426,0.13725,0.30975,0.553
6934778,0.143,0.25,0.607
6905631,0.087666667,0.301333333,0.611
7117229,0.072,0.378,0.55
7198713,0.028,0.1145,0.8575
7218631,0.032,0.073,0.895
7190664,0.006,0.049,0.945
7168174,0.009,0.041,0.95
7189302,0.024,0.057,0.919
7230203,0.027,0.05,0.923
7218696,0.029,0.049,0.922
7042259,0.029,0.094,0.877
7020185,0.078,0.271,0.651
7029301,0.0506,0.2419,0.7075
7079068,0.021,0.066,0.913
6963323,0.013,0.052,0.935
6900156,0.068,0.142,0.79
6915836,0.027,0.0835,0.8895
7027512,0.013,0.1225,0.8645
6943810,0.23,0.169,0.601
7061843,0.0735,0.1225,0.804
7218627,0.048,0.068,0.884
6994497,0.132,0.121,0.747
6841489,0.13,0.1955,0.6745
6827048,0.126,0.13,0.744
6830266,0.17975,0.10325,0.717
7105783,0.066,0.1815,0.7525
6944118,0.49,0.122,0.388
6853733,0.047,0.0766,0.8764
6827068,0.057,0.137,0.806
6830952,0.251,0.199833333,0.549166667
6994879,0.011,0.06,0.929
7026956,0.1025,0.337,0.5605
7127939,0.045,0.289,0.666
7056247,0.119,0.3905,0.4905
7150518,0.047,0.269,0.684
7092965,0.037,0.2055,0.7575
6959447,0.032666667,0.225333333,0.742
7153766,0.022,0.15,0.828
6987558,0.035166667,0.315833333,0.649
6897602,0.052,0.226,0.722
7079150,0.005,0.088,0.907
6850864,0.017,0.195,0.788
6892897,0.021,0.267,0.712
7096304,0.008,0.201,0.791
7108588,0.019,0.2005,0.7805
7130026,0.021,0.324,0.655
7036556,0.013,0.299,0.688
6985033,0.001,0.218,0.781
6952653,0.013,0.302,0.685
7048768,0.022,0.209333333,0.768666667
6951850,0.07275,0.30725,0.62
7067260,0.076666667,0.428333333,0.495
6927838,0.124,0.357,0.519
6995108,0.108,0.370333333,0.521666667
6964136,0.034,0.297666667,0.668333333
7176242,0.095,0.337333333,0.567666667
7199070,0.005,0.216,0.779
7108141,0.0866,0.4484,0.465
7022077,0.022,0.356,0.622
6879984,0.002,0.008,0.99
6830194,0.054,0.314,0.632
6828410,0.002,0.01,0.988
7120790,0.03075,0.419833333,0.549416667
7027957,0.004,0.018,0.978
7041352,0.01,0.103,0.887
6904273,0.002,0.025,0.973
6936737,0.0305,0.137333333,0.832166667
6847469,0.011,0.143,0.846
7210395,0.0395,0.367333333,0.593166667
7022281,0.084333333,0.334666667,0.581
6936434,0.026,0.201,0.773
6989022,0.052,0.524,0.424
6952921,0.032,0.531,0.437
6862081,0.031,0.195,0.774
6823682,0.013,0.209333333,0.777666667
6935347,0.113866667,0.458933333,0.4272
7214351,0.0265,0.3795,0.594
7103298,0.052,0.269,0.679
7123744,0.002,0.015,0.983
7180994,0.0155,0.2985,0.686
7040915,0.0035,0.088833333,0.907666667
6975030,0.0547,0.536633333,0.408666667
6828454,0.005,0.037,0.958
6828510,0.003,0.101,0.896
6886611,0.031,0.279333333,0.689666667
6960658,0.028,0.314,0.658
7030183,0.008,0.134,0.858
6960668,0.031,0.325,0.644
6944571,0.0435,0.225833333,0.730666667
6911508,0.042,0.352833333,0.605166667
6847534,0.072,0.221666667,0.706333333
6859906,0.046,0.5525,0.4015
7164354,0.008,0.0815,0.9105
7224549,0.0194,0.337933333,0.642666667
6983770,0.1475,0.471083333,0.381416667
6874756,0.005,0.044,0.951
6922196,0.024,0.61,0.366
7204531,0.1262,0.5403,0.3335
6924967,0.028,0.168328571,0.803671429
6866067,0.0675,0.440733333,0.491766667
6924953,0.012,0.169,0.819
6865306,0.0445,0.4334,0.5221
6885099,0.023,0.195,0.782
7136594,0.02725,0.16125,0.8115
7204848,0.0547,0.48555,0.45975
7168408,0.079,0.4739,0.4471
7161943,0.051083333,0.51665,0.432266667
6952765,0.029,0.368833333,0.602166667
7058435,0.069,0.349819048,0.581180952
7021289,0.019333333,0.253416667,0.72725
7180862,0.061833333,0.43065,0.507516667
7047117,0.0375,0.446319048,0.516180952
6968782,0.017,0.281083333,0.701916667
6924739,0.035666667,0.3565,0.607833333
7163930,0.027,0.48925,0.48375
7000848,0.046,0.473,0.481
6985206,0.016,0.227,0.757
7055187,0.016,0.153,0.831
6892407,0.025,0.281333333,0.693666667
6829621,0.110333333,0.286666667,0.603
6828499,0.004,0.056,0.94
7123212,0.051,0.231766667,0.717233333
7040935,0.007,0.054,0.939
7040868,0.003,0.044,0.953
7054913,0.021,0.2474,0.7316
6962239,0.095,0.1825,0.7225
6838788,0.066,0.2409,0.6931
7162697,0.05,0.309125,0.640875
7016392,0.043,0.379625,0.577375
6966882,0.058,0.583,0.359
6821241,0.047,0.65,0.303
6864963,0.042,0.268125,0.689875
7180260,0.020333333,0.233666667,0.746
6876062,0.084,0.288,0.628
7198007,0.026,0.119833333,0.854166667
6945566,0.0925,0.4215,0.486
6995362,0.1255,0.37875,0.49575
7022834,0.1523,0.416533333,0.431166667
6991241,0.085166667,0.383666667,0.531166667
6827333,0.135833333,0.328333333,0.535833333
7209955,0.027,0.1995,0.7735
7099567,0.035,0.209,0.756
6850576,0.063,0.375833333,0.561166667
6906727,0.056,0.349166667,0.594833333
6828850,0.12645,0.414283333,0.459266667
6836195,0.029,0.139,0.832
7116516,0.347166667,0.458166667,0.194666667
7233779,0.146,0.378333333,0.475666667
7007870,0.083666667,0.38375,0.532583333
7007565,0.051,0.3965,0.5525
6883068,0.023333333,0.5105,0.466166667
6836876,0.012,0.107,0.881
7225448,0.016,0.129,0.855
7225184,0.0125,0.1219,0.8656
6866959,0.011,0.1105,0.8785
6983743,0.061,0.146333333,0.792666667
7015499,0.061,0.146333333,0.792666667
6975491,0.1125,0.461011905,0.426488095
7221276,0.02525,0.57275,0.402
6956845,0.0306,0.386,0.5834
7037059,0.042916667,0.45075,0.506333333
7173381,0.038,0.136666667,0.825333333
7107786,0.018333333,0.1706,0.811066667
7223298,0.023333333,0.1495,0.827166667
6913682,0.0295,0.2005,0.77
6882897,0.048,0.627,0.325
6867560,0.019,0.202666667,0.778333333
7015822,0.025,0.2305,0.7445
7047129,0.045,0.339,0.616
6893150,0.099,0.449,0.452
7193374,0.029,0.332,0.639
6858447,0.187,0.3836,0.4294
7215856,0.02,0.249,0.731
6956047,0.196,0.353833333,0.450166667
7124863,0.043,0.164,0.793
7228876,0.042,0.158,0.8
6982946,0.006,0.17,0.824
6894691,0.002,0.122,0.876
7151992,0.006,0.09,0.904
6922283,0.140833333,0.509,0.350166667
6938930,0.139333333,0.551,0.309666667
7148260,0.001,0.072,0.927
6900490,0.006,0.064,0.93
6872049,0.103,0.455,0.442
7172579,0.039,0.325166667,0.635833333
7171733,0.039,0.327166667,0.633833333
6896556,0.028,0.091,0.881
7187672,0.036,0.29,0.674
6918851,0.058,0.302,0.64
6982257,0.067,0.406333333,0.526666667
6978312,0.0195,0.24,0.7405
7141664,0.017,0.132333333,0.850666667
6983316,0.071,0.646333333,0.282666667
7141195,0.039,0.286,0.675
7015349,0.071,0.646333333,0.282666667
6824501,0.082,0.5165,0.4015
6882424,0.058,0.218,0.724
6887431,0.067,0.197,0.736
6960414,0.015,0.0785,0.9065
6990739,0.127,0.346,0.527
6825941,0.026,0.7725,0.2015
7117485,0.024,0.306166667,0.669833333
7176733,0.059583333,0.221416667,0.719
6876206,0.054166667,0.189,0.756833333
6946728,0.016416667,0.493,0.490583333
