listing_id,high,medium,low
7171949,0.043349887,0.534408925,0.422241187
7185456,0.01750155,0.089843561,0.892654889
7061356,0.02436144,0.203460691,0.77217787
6969589,0.022126407,0.198771655,0.779101938
6902233,0.030622389,0.095437888,0.873939723
6873033,0.01275137,0.073726565,0.913522065
6937777,0.088391937,0.187346678,0.724261386
6910064,0.05761321,0.186787052,0.755599737
6910712,0.045426492,0.556848573,0.397724935
6855602,0.042796284,0.565081956,0.392121761
6888879,0.009446074,0.235464239,0.755089687
6921835,0.013576421,0.067186576,0.919237003
6854624,0.079968162,0.190595103,0.729436735
6855544,0.012536834,0.106472465,0.880990701
6921692,0.006623711,0.074961266,0.918415023
6855487,0.007545246,0.068101231,0.924353523
6873373,0.01147705,0.086961947,0.901561003
6938434,0.052285023,0.242582909,0.705132068
6921646,0.010405532,0.248368016,0.741226452
6854687,0.035595512,0.090576167,0.873828321
6867603,0.002433494,0.524417922,0.473148585
6902255,0.036573192,0.07890117,0.884525638
6918889,0.003011479,0.540172384,0.456816136
6943672,0.002723748,0.504020831,0.493255421
6889336,0.029595643,0.125703084,0.844701273
6937850,0.03796166,0.468061452,0.493976887
6901908,0.018990184,0.103924778,0.877085038
6910962,0.032307462,0.417800663,0.549891876
6922714,0.007201012,0.10088821,0.891910778
6855268,0.022317105,0.241827579,0.735855316
6942906,0.023662637,0.188086758,0.788250605
6910418,0.020006926,0.134043048,0.845950025
6901515,0.018499098,0.249760099,0.731740804
6814711,0.024147346,0.300571198,0.675281455
6868052,0.029609273,0.2527395,0.717651227
6867904,0.033055702,0.428926423,0.538017874
6889667,0.03000418,0.256688529,0.713307291
6901643,0.022265671,0.161947726,0.815786602
6937705,0.021891716,0.020599083,0.957509201
6922542,0.027694036,0.478929001,0.493376963
6866917,0.018990184,0.103924778,0.877085038
6943052,0.054743666,0.339442226,0.605814107
6854706,0.038024612,0.152079658,0.809895731
6922225,0.025749385,0.209047768,0.765202848
6873570,0.029296193,0.161339738,0.809364069
6854704,0.049458586,0.289333198,0.661208216
6943178,0.002791081,0.022364319,0.9748446
6911111,0.018014749,0.075068399,0.906916852
6901748,0.004892822,0.020946201,0.974160978
6938028,0.100870736,0.297858519,0.601270746
6873152,0.068466409,0.120480778,0.811052813
6855351,0.02704192,0.079646636,0.893311444
6867402,0.027591181,0.1816989,0.79070992
6943772,0.036062592,0.1790854,0.784852008
6855516,0.019524333,0.82293466,0.157541007
6938382,0.024586833,0.763874617,0.21153855
6873017,0.024586833,0.763874617,0.21153855
7079965,0.0660939,0.358858553,0.575047548
7060569,0.041413206,0.265830527,0.692756267
7049593,0.022041692,0.146550691,0.831407617
7172516,0.017853991,0.117086315,0.865059694
7110452,0.022271478,0.224227173,0.753501349
7092706,0.010100526,0.155301926,0.834597548
7061476,0.054278001,0.229501497,0.716220503
7171135,0.010433418,0.097648098,0.891918484
7210773,0.013546445,0.105917572,0.880535984
7092476,0.022543418,0.167238345,0.810218237
6958670,0.112726695,0.313444127,0.573829178
7172107,0.082220577,0.294361526,0.623417897
7142206,0.051629769,0.171968599,0.776401632
7110399,0.051629769,0.171968599,0.776401632
7060612,0.065155795,0.205699916,0.729144289
7211772,0.068154588,0.443509345,0.488336067
7159269,0.040399777,0.533950215,0.425650009
7110982,0.034058217,0.656509618,0.309432166
7050454,0.064157476,0.561684252,0.374158272
6959739,0.051353131,0.457609973,0.491036897
7105154,0.070629175,0.35970074,0.569670085
7065856,0.101097947,0.280493013,0.61840904
7060804,0.054411779,0.356223755,0.589364466
7134494,0.01874207,0.128461361,0.852796569
7158983,0.011727655,0.131169918,0.857102427
7195217,0.011727655,0.131169918,0.857102427
7136709,0.038891592,0.441626601,0.519481807
7160365,0.031326288,0.453576209,0.515097504
7136198,0.022812476,0.126055593,0.851131931
7226750,0.007504525,0.078326992,0.914168483
7159821,0.043992816,0.550754171,0.405253013
7173324,0.042837961,0.525628438,0.431533601
7200811,0.037981956,0.533984754,0.42803329
7093219,0.108062644,0.279095308,0.612842048
6958498,0.089358021,0.310343242,0.600298737
7170974,0.094327236,0.322345288,0.583327476
7049435,0.172449537,0.453179148,0.374371315
6958652,0.123971566,0.495652342,0.380376093
6959521,0.151988151,0.453761993,0.394249857
7065959,0.130539997,0.431336207,0.438123796
7093390,0.144295365,0.392520189,0.463184446
6970295,0.162219037,0.429262082,0.408518881
6971227,0.159120094,0.417409617,0.423470289
6959589,0.049580314,0.18048043,0.769939255
6970100,0.159445792,0.511227854,0.329326354
7178339,0.080480525,0.502815461,0.416704015
7195130,0.068117946,0.410616558,0.521265496
7185281,0.061735804,0.421576804,0.516687391
7211847,0.045001666,0.877064157,0.077934177
7110961,0.064110505,0.808781734,0.12710776
6958983,0.145230228,0.485782646,0.368987126
7132113,0.060731446,0.204246972,0.735021583
7211478,0.101565263,0.228534657,0.66990008
7159499,0.065706538,0.198441353,0.73585211
7159769,0.054864662,0.243723891,0.701411447
7178180,0.069566197,0.295594826,0.634838978
7171459,0.063927952,0.297645968,0.63842608
7031715,0.106953313,0.274420378,0.618626309
7200626,0.055881075,0.53430312,0.409815805
7131955,0.046653792,0.518750691,0.434595517
6970077,0.14322576,0.510903446,0.345870793
7172339,0.038290633,0.182187418,0.779521949
7110150,0.024902042,0.160672585,0.814425374
7211573,0.103338903,0.46563634,0.431024757
7159626,0.116687379,0.376307716,0.507004905
6958226,0.097324193,0.35971658,0.542959228
7061345,0.04772537,0.234445786,0.717828844
7171233,0.021707689,0.186042709,0.792249602
7110250,0.016749231,0.117309767,0.865941002
7079716,0.017500579,0.123334851,0.85916457
7173753,0.025581087,0.119034882,0.855384031
7115199,0.089730084,0.354746866,0.555523051
7172462,0.093099062,0.371963978,0.53493696
7194644,0.075957201,0.423253219,0.50078958
7049414,0.078341615,0.34699269,0.574665696
7110696,0.025331015,0.236523133,0.738145852
7159398,0.026653186,0.134414105,0.838932709
7209442,0.022713972,0.507274728,0.4700113
7126981,0.028691574,0.336533727,0.634774699
7111193,0.029505548,0.198326826,0.772167625
7158827,0.017077269,0.193241369,0.789681362
7127078,0.021512796,0.186440668,0.792046536
7159292,0.023240907,0.172264842,0.804494251
7159489,0.02593042,0.232473568,0.741596012
7210389,0.025755072,0.225046548,0.749198381
7050483,0.136124903,0.426151497,0.4377236
6971271,0.115204492,0.479760197,0.405035311
6970445,0.101934781,0.474672621,0.423392598
7206224,0.240648594,0.2922744,0.467077006
6878774,0.047515516,0.172261947,0.780222537
7171384,0.028020913,0.217906476,0.754072611
7170992,0.028020913,0.217906476,0.754072611
6988572,0.048915317,0.246893776,0.704190907
6878277,0.04875814,0.18107225,0.77016961
6910739,0.054724485,0.325196543,0.620078971
6902090,0.060201276,0.333893978,0.605904746
7001955,0.082067149,0.398838682,0.519094169
7042122,0.061508956,0.348235606,0.590255437
6997249,0.064903107,0.546222707,0.388874186
6988388,0.091718247,0.466663412,0.441618341
6982474,0.093228758,0.407696451,0.499074791
7002176,0.090192568,0.501721541,0.408085891
6948323,0.139534965,0.315919958,0.544545077
6879613,0.115082048,0.340639703,0.544278249
6840198,0.11039179,0.107092875,0.782515335
6902633,0.063614997,0.165054973,0.77133003
6933575,0.056133148,0.255494322,0.68837253
6902630,0.031578844,0.103451078,0.864970077
6933362,0.07125,0.272984722,0.655765278
6826849,0.074707031,0.314462587,0.610830382
7215680,0.036064495,0.365741074,0.598194431
7170759,0.03833888,0.288344416,0.673316704
7231994,0.029123182,0.184485697,0.786391121
7104423,0.053460892,0.230401536,0.716137572
7134896,0.053460892,0.230401536,0.716137572
7135509,0.047751001,0.192548542,0.759700457
7075663,0.04870125,0.31151637,0.639782381
6983615,0.030748632,0.300439465,0.668811903
7233385,0.024368818,0.125004284,0.850626898
7041937,0.049336586,0.351231051,0.599432363
7194964,0.030330291,0.236209425,0.733460284
7213930,0.03348237,0.306167131,0.660350499
7126849,0.010065881,0.475691618,0.514242501
6986458,0.022019151,0.748842163,0.229138686
6948002,0.012690782,0.684603618,0.3027056
6845100,0.09560705,0.454709171,0.449683779
7071977,0.044200366,0.225164255,0.730635378
6911483,0.046897044,0.405119754,0.547983202
6932251,0.030746591,0.421580005,0.547673405
6901106,0.059474602,0.283336423,0.657188975
7110771,0.364251301,0.371568262,0.264180436
6989393,0.09650979,0.297357924,0.606132285
7017091,0.070515255,0.709139985,0.22034476
7018803,0.063558358,0.652118452,0.28432319
7126438,0.004034982,0.062610485,0.933354533
7126133,0.012130726,0.172925707,0.814943567
6848025,0.021020807,0.186902352,0.792076841
7127054,0.007333625,0.142284324,0.850382051
6918761,0.182542463,0.307780879,0.509676658
6879370,0.066610522,0.267341412,0.666048065
6843889,0.061757848,0.344374409,0.593867742
6878518,0.040304685,0.364943176,0.594752139
6882614,0.019696732,0.389734331,0.590568937
6813855,0.015163317,0.409924024,0.574912659
7195485,0.020243051,0.485902088,0.49385486
6983626,0.037452526,0.426058834,0.53648864
7060857,0.021680264,0.142600358,0.835719378
6989938,0.199104205,0.311950892,0.488944903
6983346,0.200156922,0.282569391,0.517273687
7041705,0.028385886,0.198796847,0.772817267
7173330,0.02491735,0.622508405,0.352574246
7043173,0.038485485,0.307919103,0.653595412
7038565,0.016720401,0.128246082,0.855033517
6989911,0.04838194,0.30815624,0.64346182
6882401,0.044649705,0.158466252,0.796884043
7126184,0.293214492,0.24778197,0.459003538
7110291,0.350999221,0.200829218,0.448171561
6932041,0.048914732,0.504058175,0.447027093
7104684,0.199022225,0.407730246,0.393247529
6935753,0.134733689,0.653789298,0.211477013
7199220,0.026968893,0.159582074,0.813449033
6832879,0.108482625,0.156847647,0.734669729
7198604,0.178449518,0.17040923,0.651141252
7199656,0.015098098,0.093839267,0.891062635
6831380,0.019386227,0.116398818,0.864214955
6832010,0.02153206,0.115023818,0.863444122
6873892,0.032001655,0.158144566,0.809853779
7061107,0.045143031,0.462533721,0.492323248
7126808,0.006726599,0.143757995,0.849515406
6901036,0.009497774,0.271189585,0.719312641
6996750,0.076677108,0.350714575,0.572608317
6987977,0.048227101,0.466380415,0.485392484
6832167,0.163627344,0.219112169,0.617260487
7110767,0.136368354,0.410134936,0.45349671
7173217,0.07785821,0.373567545,0.548574245
7072083,0.050197368,0.324294852,0.62550778
7064404,0.008548876,0.131946806,0.859504318
6848396,0.010207728,0.107632831,0.882159442
6966753,0.136185783,0.471309236,0.392504981
7018466,0.043370692,0.420320492,0.536308816
6960220,0.105396763,0.671739781,0.222863456
6968090,0.061938194,0.76908163,0.168980176
6878977,0.023596404,0.192851031,0.783552565
6919645,0.024177248,0.203284938,0.772537814
7170705,0.033679448,0.191263591,0.775056961
7173726,0.128081312,0.621146663,0.250772025
7127337,0.032268727,0.266191298,0.701539976
7126620,0.100167842,0.614521821,0.285310337
7126535,0.072102232,0.262015524,0.665882244
7063630,0.379680315,0.369291374,0.251028311
7064310,0.037845747,0.417713669,0.544440585
6989934,0.032196462,0.186967647,0.78083589
7071821,0.043678724,0.498224041,0.458097235
7110541,0.164025918,0.647215287,0.188758795
6819538,0.206878156,0.622265661,0.170856183
6832562,0.198798876,0.464675995,0.336525129
7127182,0.309629012,0.449890443,0.240480545
7171627,0.342301437,0.47013887,0.187559692
6847762,0.228790852,0.363502418,0.407706731
6973708,0.064690342,0.341989411,0.593320247
6967317,0.075809626,0.576246265,0.347944109
6954060,0.087150798,0.541761491,0.371087711
7172265,0.141190404,0.442447505,0.416362091
7172207,0.118556495,0.56425787,0.317185635
7172790,0.127820131,0.529166384,0.343013485
7126241,0.064236416,0.382670152,0.553093432
7170858,0.30199361,0.411170743,0.286835647
6900853,0.008933867,0.113060487,0.878005646
7181729,0.010557796,0.132419518,0.857022687
7061601,0.023908881,0.177328592,0.798762527
7064182,0.30507299,0.454419949,0.240507061
7127268,0.291321625,0.384626528,0.324051847
7172356,0.289244939,0.407899696,0.302855366
7079372,0.261960879,0.431508956,0.306530165
7071874,0.266805505,0.436433333,0.296761162
6818423,0.092989067,0.256118955,0.650891978
6920148,0.12655335,0.573389058,0.300057592
6882138,0.138645588,0.340301164,0.521053247
6982490,0.198599632,0.333163835,0.468236532
6991550,0.080218235,0.293445702,0.626336063
6844690,0.048696894,0.276845374,0.674457732
6886594,0.017032897,0.072921981,0.910045122
6878312,0.049946894,0.275595374,0.674457732
6878859,0.014867725,0.122104527,0.863027748
6902102,0.020750217,0.088350649,0.890899134
7042616,0.029525382,0.092525583,0.877949035
7170075,0.027589941,0.147545748,0.824864311
6844654,0.014867725,0.122104527,0.863027748
7126891,0.097262626,0.447094552,0.455642822
7099231,0.032223342,0.24198403,0.725792628
7126839,0.217973293,0.389333512,0.392693195
7127360,0.025877902,0.273847503,0.700274595
7172050,0.106273662,0.42166644,0.472059899
7173017,0.032223342,0.24198403,0.725792628
6968487,0.073527955,0.46750444,0.458967605
6847747,0.0160862,0.201070808,0.782842991
7126232,0.117695411,0.248263436,0.634041153
7126583,0.019050525,0.158671644,0.822277831
6816087,0.032184565,0.26892134,0.698894095
6940586,0.04351846,0.352210134,0.604271406
6902598,0.013578606,0.178088903,0.808332491
6879444,0.028832078,0.195778324,0.775389598
7001888,0.048247462,0.214507858,0.737244681
6981971,0.039048598,0.308801936,0.652149465
6996343,0.036497301,0.345661117,0.617841582
7041946,0.062974252,0.280397781,0.656627967
6910807,0.016850174,0.147081543,0.836068283
7173357,0.022025299,0.161723316,0.816251384
7092380,0.023560987,0.143018552,0.833420462
6918697,0.012500223,0.133745078,0.853754699
6988932,0.033230014,0.137043347,0.829726639
7063380,0.025012479,0.114029334,0.860958187
6941774,0.03145736,0.178666551,0.78987609
6833387,0.171917828,0.427593991,0.400488181
7032185,0.338115721,0.447308013,0.214576267
7216607,0.17078885,0.393043204,0.436167947
7011514,0.329805194,0.451002582,0.219192224
7043174,0.31804677,0.480096051,0.201857179
7033302,0.162466633,0.366716196,0.470817171
7041169,0.307324392,0.447588264,0.245087344
7042889,0.307324392,0.447588264,0.245087344
7041460,0.219148888,0.364785046,0.416066066
6881630,0.331573616,0.457165261,0.211261123
7221511,0.157089821,0.414788415,0.428121764
7184085,0.12774112,0.353288349,0.518970532
7032299,0.143815471,0.38148978,0.474694749
7041280,0.102120318,0.283019601,0.614860081
7031531,0.184199687,0.409331586,0.406468727
6832227,0.180005818,0.448685913,0.371308268
6933326,0.097462977,0.332090396,0.570446627
6932899,0.144315093,0.371092993,0.484591915
6960173,0.078561646,0.363757339,0.557681015
6975493,0.055286271,0.112299264,0.832414465
6873791,0.051508231,0.12285654,0.825635229
6833626,0.014437759,0.102753428,0.882808814
6868341,0.043988804,0.102215278,0.853795918
6927713,0.038079744,0.252175453,0.709744804
7002235,0.080858545,0.359890521,0.559250934
6902071,0.013145093,0.151967691,0.834887216
6901862,0.000370484,0.030055198,0.969574317
6867089,0.016389451,0.205884227,0.777726322
6867096,0.02360607,0.158796268,0.817597662
6818373,0.056191526,0.812721954,0.13108652
6963980,0.66689992,0.14504809,0.18805199
6959744,0.064117955,0.265375643,0.670506401
6816590,0.079264585,0.217973383,0.702762032
7002492,0.070164815,0.188012313,0.741822873
6935951,0.019485706,0.213979347,0.766534946
7091378,0.192978525,0.27402936,0.532992114
7052232,0.131410437,0.238655562,0.629934001
7140948,0.0862799,0.275366623,0.638353477
6978975,0.065688563,0.400536391,0.533775046
6902415,0.588543748,0.294243706,0.117212545
6906682,0.047285708,0.213829193,0.738885098
6867694,0.007719381,0.077982086,0.914298534
6832131,0.004175042,0.144092441,0.851732517
6868029,0.007885495,0.316150274,0.67596423
6958646,0.072820468,0.415334589,0.511844942
6959218,0.064753749,0.336092971,0.59915328
6816220,0.244063473,0.485701177,0.27023535
6947575,0.106065205,0.423406545,0.47052825
6973441,0.201667841,0.377059152,0.421273007
6958996,0.120646376,0.251863822,0.627489802
6959590,0.130377504,0.255706978,0.613915518
6978810,0.221020315,0.454467012,0.324512673
6996131,0.120915429,0.332548296,0.546536275
6902541,0.008540803,0.091660577,0.89979862
7038969,0.057209979,0.23293674,0.709853281
6964610,0.028408237,0.166277166,0.805314597
7039178,0.167723783,0.377021189,0.455255028
7001889,0.021288613,0.678046229,0.300665159
6910478,0.043938854,0.234709447,0.721351699
7141776,0.304364964,0.513551204,0.182083831
7001948,0.250602872,0.596036386,0.153360742
7039545,0.077264527,0.233215968,0.689519505
7039243,0.019137953,0.152811476,0.828050571
6815738,0.093743452,0.435970118,0.47028643
6964939,0.145510314,0.478645407,0.375844278
7049453,0.044839132,0.232355732,0.722805136
7050251,0.004342178,0.081241772,0.91441605
6867411,0.105800182,0.254717637,0.639482181
6922386,0.150825763,0.477148689,0.372025548
6958381,0.077553852,0.242969216,0.679476932
6945567,0.02263675,0.269666624,0.707696627
6868131,0.039107843,0.25146773,0.709424428
7002279,0.058408757,0.3390722,0.602519044
6867643,0.036520088,0.200761658,0.762718254
6815679,0.083295304,0.346826383,0.569878314
6979433,0.067655626,0.225269016,0.707075357
7177829,0.026516611,0.182741209,0.790742181
7001800,0.013559736,0.112598148,0.873842116
7178303,0.1146817,0.337740893,0.547577407
7141136,0.018031067,0.177402707,0.804566226
7056401,0.023299075,0.086392378,0.890308546
7056571,0.037749038,0.172723359,0.789527603
6994401,0.001659523,0.035305349,0.963035128
6997460,0.040179323,0.256078542,0.703742134
7128118,0.013783126,0.159947616,0.826269259
7137866,0.130559555,0.399973957,0.469466488
6997459,0.027122614,0.185796712,0.787080674
7166021,0.002679001,0.127546985,0.869774014
6954187,0.038537522,0.307844497,0.653617981
7039741,0.072130011,0.191462759,0.73640723
6992033,0.079617864,0.129801948,0.790580188
7116972,0.148672822,0.379634863,0.471692316
7008718,0.172562588,0.270497126,0.556940286
6971578,0.058013524,0.139990098,0.801996379
7008715,0.21146989,0.378443364,0.410086745
7008716,0.005648547,0.089565827,0.904785626
7045256,0.005648547,0.089565827,0.904785626
6900991,0.023529944,0.128691037,0.847779018
6983569,0.02804677,0.179084635,0.792868595
7002024,0.098428653,0.328104946,0.573466401
6907196,0.039126112,0.227116683,0.733757205
6941974,0.061355657,0.109750581,0.828893762
6879509,0.203425567,0.351088127,0.445486305
6826879,0.082440476,0.201019683,0.71653984
6879598,0.074912887,0.406161463,0.51892565
6912102,0.043749814,0.263374317,0.692875868
6879841,0.023582501,0.157221742,0.819195757
6862229,0.011887156,0.045929914,0.94218293
6911779,0.003130115,0.039466618,0.957403267
7003073,0.000941182,0.085247054,0.913811764
7024002,0.013953366,0.405892741,0.580153893
7025410,0.015701483,0.235618846,0.748679671
6936864,0.015296649,0.306692217,0.678011135
6826501,0.045611167,0.374677683,0.57971115
6983551,0.17641826,0.104321477,0.719260263
6936233,0.036780082,0.099159132,0.864060786
7023943,0.110036752,0.325402439,0.564560809
7032031,0.090814625,0.166302462,0.742882913
7006469,0.024451735,0.18643416,0.789114105
6982398,0.053114349,0.214024812,0.732860839
6832514,0.034401372,0.190643887,0.774954741
6831409,0.023461979,0.103520549,0.873017471
7026170,0.022618127,0.096156537,0.881225336
7002558,0.139082536,0.402514844,0.458402619
6816173,0.011413181,0.122996794,0.865590024
6935352,0.066026739,0.149516993,0.784456268
6816020,0.004796558,0.04120974,0.953993702
6911137,0.008236987,0.132265092,0.859497921
6816547,0.004612548,0.036836204,0.958551249
6816364,0.012434858,0.118768722,0.86879642
7002064,0.045862564,0.137362092,0.816775343
6842515,0.065834404,0.24439056,0.689775036
6936247,0.038964927,0.157069165,0.803965908
6815501,0.004612548,0.036836204,0.958551249
6931846,0.006545986,0.038886464,0.95456755
6826005,0.030414272,0.44877363,0.520812099
6936966,0.072049083,0.252315621,0.675635296
6878714,0.010122237,0.062445342,0.92743242
6906104,0.044769243,0.451461503,0.503769253
6906762,0.032242072,0.218385503,0.749372424
6936087,0.034942216,0.24458962,0.720468164
7024454,0.050259089,0.255222581,0.694518331
6832416,0.047917168,0.445426435,0.506656397
6959121,0.220263232,0.412308492,0.367428276
6847986,0.161045917,0.399713556,0.439240527
6831336,0.191781653,0.37353742,0.434680926
6906874,0.078192631,0.319458495,0.602348875
6983183,0.016295807,0.13371838,0.849985813
7002634,0.007117571,0.094779097,0.898103333
6959133,0.062759159,0.216561495,0.720679346
7063425,0.041697704,0.160841806,0.797460491
6816274,0.078093969,0.358563951,0.56334208
6936661,0.056881516,0.477226483,0.465892001
7024232,0.050958826,0.196692737,0.752348436
7006516,0.085261178,0.25341847,0.661320352
6936863,0.054218106,0.200420593,0.745361301
6860595,0.021009016,0.080851038,0.898139946
7038560,0.011357321,0.099580162,0.889062517
6941679,0.014484086,0.089316251,0.896199663
6932817,0.010731173,0.087514378,0.901754449
7038919,0.058971612,0.412103536,0.528924852
6831660,0.043857134,0.182560375,0.773582491
6818787,0.03213771,0.431952323,0.535909967
6849395,0.026366099,0.377570212,0.596063689
6936321,0.002119004,0.067025093,0.930855903
6980248,0.003766753,0.166942357,0.82929089
6945838,0.045562184,0.300958399,0.653479417
6818472,0.016968894,0.279226775,0.703804331
6919179,0.195073913,0.461174944,0.343751143
6887272,0.003809873,0.129654999,0.866535128
7186451,0.027468987,0.16463397,0.807897043
6838011,0.145942292,0.208350571,0.645707137
7219827,0.041480535,0.189924334,0.768595131
6838584,0.003666738,0.062448991,0.93388427
6838837,0.15857001,0.426967391,0.414462599
6839074,0.49502106,0.312538963,0.192439977
6844006,0.049186152,0.247991219,0.702822628
6836989,0.136691646,0.603371988,0.259936366
7029880,0.280463317,0.366663636,0.352873047
6823696,0.019481425,0.294994819,0.685523756
6825109,0.005201793,0.365012407,0.629785801
6824481,0.006694451,0.050290677,0.943014872
6907521,0.58690051,0.268558046,0.144541444
6864786,0.037212545,0.342014027,0.620773428
6851720,0.455011849,0.384948041,0.16004011
7210546,0.033418904,0.420994934,0.545586162
7211862,0.064465267,0.258279126,0.677255607
7209586,0.09565115,0.431579617,0.472769233
7211419,0.063774512,0.246456562,0.689768925
6997499,0.03072227,0.349160711,0.620117018
7003679,0.035827879,0.36421138,0.599960741
7219519,0.033518601,0.260074388,0.706407011
6856937,0.015113397,0.241125125,0.743761479
6869188,0.079070226,0.422151708,0.498778066
7003682,0.102865023,0.372708593,0.524426383
6997159,0.196032536,0.359461934,0.44450553
7219526,0.219967106,0.57356738,0.206465514
7222148,0.62469027,0.298368341,0.076941389
7084350,0.177038463,0.423538939,0.399422598
6868529,0.075663157,0.407198188,0.517138655
6835568,0.017200729,0.191957134,0.790842137
6856437,0.023081961,0.170907549,0.806010489
6986688,0.02851416,0.333525161,0.63796068
7003225,0.340466292,0.347200492,0.312333216
6856435,0.539059715,0.343464304,0.11747598
7219527,0.086629581,0.367456235,0.545914184
6881271,0.047259505,0.385565803,0.567174692
7101032,0.193879301,0.341152262,0.464968438
7222875,0.149450304,0.364855834,0.485693862
7166501,0.634037554,0.279501372,0.086461075
7213479,0.742297735,0.186483161,0.071219104
7009628,0.251280224,0.417845504,0.330874272
6851197,0.59132995,0.307162773,0.101507278
6822838,0.101779353,0.222975266,0.675245381
7222946,0.185509234,0.257254474,0.557236292
7349531,0.274343848,0.291455098,0.434201054
7202930,0.054587799,0.351708362,0.593703839
7203064,0.19676586,0.273956107,0.529278033
7197025,0.269413014,0.412041431,0.318545555
7187221,0.111941433,0.445587802,0.442470766
7181201,0.062766635,0.476765156,0.460468209
7187186,0.076763273,0.646746155,0.276490572
7112075,0.031520147,0.220320101,0.748159752
6869756,0.144332651,0.434514498,0.421152851
6909794,0.095001069,0.439412635,0.465586296
7179673,0.104470692,0.404554196,0.490975112
7020934,0.153796282,0.419182307,0.427021411
7206124,0.117958403,0.3829443,0.499097297
7206162,0.080917199,0.358607801,0.560475
7217247,0.267138383,0.423534739,0.309326878
7206159,0.173533999,0.43268606,0.393779941
7077014,0.096635485,0.380962074,0.522402441
7008734,0.175063976,0.402662892,0.422273133
7166126,0.016020128,0.070565257,0.913414615
7068739,0.02525018,0.155895512,0.818854309
7027059,0.009138145,0.053657144,0.937204711
7027373,0.024573543,0.051539234,0.923887223
6909100,0.008105656,0.077269662,0.914624682
7212034,0.006069469,0.068407173,0.925523358
6909728,0.015393296,0.056524347,0.928082357
6934449,0.018030001,0.069333573,0.912636426
6984470,0.007225595,0.046851556,0.945922849
7014757,0.142772678,0.169501847,0.687725475
6928794,0.012748584,0.122057312,0.865194104
7056557,0.019096387,0.038341986,0.942561627
6854413,0.015850143,0.022376399,0.961773459
6885078,0.040436746,0.015005855,0.944557399
6835993,0.031054885,0.070352609,0.898592506
6909339,0.013074488,0.068899716,0.918025796
6812345,0.103270418,0.127760512,0.768969069
7122851,0.02205414,0.059860994,0.918084866
7122823,0.045417239,0.112241068,0.842341693
7051242,0.016861261,0.073015779,0.91012296
7015042,0.036773038,0.042872986,0.920353976
6928836,0.010765505,0.027889429,0.961345066
6928853,0.00795037,0.018662175,0.973387456
7100673,0.021709805,0.079363786,0.898926409
7106726,0.033743017,0.023577802,0.94267918
7114557,0.0083141,0.028872036,0.962813864
6998287,0.00470568,0.02923194,0.96606238
6836235,0.008680277,0.07842518,0.912894544
6929006,0.046425488,0.208563682,0.74501083
6854153,0.009290499,0.080615924,0.910093577
7153650,0.001552083,0.031998715,0.966449202
7153700,0.00259375,0.020789585,0.976616665
7095294,0.009151794,0.051406127,0.939442079
7153729,0.004494306,0.049766897,0.945738796
7111780,0.001066961,0.02189698,0.97703606
7082901,0.004419869,0.029086586,0.966493546
7082809,0.001464026,0.01950418,0.979031795
7153698,0.000218746,0.014144172,0.985637082
7153620,0.003123744,0.029744734,0.967131522
7186906,0.010638178,0.082716432,0.90664539
7187461,0.00010467,0.014093702,0.985801628
7186964,0.030098631,0.049211803,0.920689566
7068820,0.029356273,0.154006362,0.816637366
7027433,0.008118315,0.031692526,0.960189159
7165953,0.015834988,0.042237666,0.941927347
7020683,0.037618229,0.088982016,0.873399755
6981437,0.013130068,0.092262862,0.894607069
6812266,0.025756605,0.043994727,0.930248667
6939488,0.06995273,0.090333044,0.839714226
6835885,0.016365931,0.064917678,0.918716392
6812041,0.047301869,0.091855662,0.860842469
7156369,0.007769035,0.072396867,0.919834098
7156326,0.090025605,0.042945849,0.867028546
7106367,0.130296287,0.109181938,0.760521775
7196393,0.032646368,0.056989492,0.910364141
7094836,0.017791904,0.071730636,0.91047746
7207729,0.012549398,0.021620911,0.965829691
7202821,0.00141219,0.010995385,0.987592425
6965689,0.004155375,0.049167896,0.94667673
6965737,0.016845977,0.117036582,0.866117441
6954783,0.023401907,0.016868461,0.959729633
7077622,0.055045285,0.061006619,0.883948096
6998289,0.015885159,0.047343528,0.936771312
7153803,0.004200855,0.023799386,0.971999759
7106332,0.005909375,0.030427186,0.963663439
6998731,0.033562452,0.085133745,0.881303803
6928402,0.022897212,0.091771035,0.885331753
6928587,0.006353655,0.013952338,0.979694008
6885201,0.015378846,0.053502914,0.93111824
6885286,0.007075393,0.050038011,0.942886596
6961248,0.018999833,0.067548052,0.913452115
6928827,0.001261062,0.005096277,0.993642661
7156346,0.02592803,0.049417515,0.924654455
6954777,0.035016667,0.056754369,0.908228964
6961653,0.02375,0.040099208,0.936150792
7080934,0.041573529,0.044765875,0.913660596
7020749,0.100666667,0.07762963,0.821703704
7156232,0.003981786,0.070076956,0.925941258
6885322,0.020966595,0.057828655,0.921204749
6965972,0.013587724,0.033838247,0.952574029
7026936,0.010580366,0.097032167,0.892387467
6965905,0.011394778,0.032546369,0.956058853
7114508,0.008136963,0.040319092,0.951543945
6961413,0.0071431,0.047349693,0.945507207
6954762,0.026490446,0.27727983,0.696229724
7068720,0.01827124,0.074159506,0.907569253
6998192,0.002750803,0.020262155,0.976987042
6822653,0.003351483,0.040668873,0.955979645
6928356,0.206643606,0.156146962,0.637209433
7068358,0.014119682,0.136395221,0.849485096
6998542,0.024149449,0.256204931,0.71964562
6961772,0.017625,0.031831447,0.950543553
7034452,0.028755512,0.11117239,0.860072098
7220067,0.012943618,0.05806957,0.928986812
7187588,0.00309717,0.040927173,0.955975657
6812050,0.030658449,0.088792771,0.88054878
7114672,0.075363798,0.09074855,0.833887652
7166554,0.162917047,0.196554912,0.640528041
6972187,0.075289862,0.23277051,0.691939627
6977315,0.123753566,0.087741164,0.78850527
6923899,0.066446642,0.054516245,0.879037113
6934579,0.078571483,0.027705218,0.893723299
6914630,0.028864778,0.071338809,0.899796413
7095222,0.045236481,0.042888889,0.91187463
7034078,0.028433082,0.108816021,0.862750898
6976888,0.079615715,0.054388889,0.865995396
6976834,0.079615715,0.054388889,0.865995396
7056494,0.016180332,0.05310687,0.930712798
7014671,0.011019657,0.070017914,0.918962429
6984394,0.068677025,0.141182545,0.790140429
7219769,0.007831636,0.032266654,0.95990171
7081233,0.009442408,0.053199407,0.937358185
6928786,0.009342758,0.050088808,0.940568434
6854197,0.009448898,0.044760727,0.945790376
7213044,0.001532254,0.035339826,0.96312792
7034480,0.012511749,0.045875673,0.941612577
6961560,0.006471756,0.048549511,0.944978734
6972513,0.023696112,0.136994865,0.839309023
6961356,0.032468004,0.055292364,0.912239632
6914078,0.00889545,0.044357611,0.946746939
7034119,0.011501724,0.053435134,0.935063143
7138512,0.050725701,0.152999307,0.796274992
6965757,0.01266804,0.120250139,0.867081821
6981695,0.071658911,0.173240256,0.755100833
6972279,0.042288279,0.137117067,0.820594654
6998520,0.046045172,0.170047676,0.783907152
7067834,0.019967109,0.084851063,0.895181827
7017937,0.012606501,0.059966841,0.927426658
7080813,0.002933389,0.030938694,0.966127916
6981325,0.006140109,0.04437457,0.94948532
7219829,0.022670008,0.085351521,0.891978471
7087811,0.26875,0.187181548,0.544068452
7100679,0.107530488,0.143277778,0.749191734
7094614,0.005,0.0615625,0.9334375
7217388,0.006318535,0.032172213,0.961509252
6977136,0.0165625,0.074574841,0.908862659
7056449,0.024841959,0.06630412,0.90885392
6812504,0.024043274,0.069754906,0.906201819
7051452,0.195208333,0.228125,0.576666667
6812424,0.033415439,0.084368496,0.882216065
7051266,0.03175615,0.106601303,0.861642547
6817589,0.079316829,0.16512491,0.755558261
6914189,0.044543903,0.146909759,0.808546339
6885427,0.075500856,0.125905152,0.798593991
7095284,0.051053861,0.053036464,0.895909675
6984497,0.01384015,0.051518975,0.934640875
7220387,0.00785119,0.024626617,0.967522193
7056378,0.025864256,0.113795125,0.86034062
6977319,0.015324012,0.12644017,0.858235818
7020519,0.007747564,0.048467833,0.943784603
7187096,0.003297229,0.032873544,0.963829227
7018069,0.040872713,0.141498421,0.817628865
7100637,0.135602765,0.127210421,0.737186814
6992649,0.002687102,0.041119008,0.95619389
7067598,0.001702355,0.063434567,0.934863078
6869690,0.078935629,0.234484451,0.68657992
7187042,0.003802083,0.023766605,0.972431312
6928377,0.010109464,0.022827685,0.967062852
6992756,0.0085285,0.038608898,0.952862602
7017926,0.003066186,0.048080573,0.94885324
7056623,0.003196849,0.017689249,0.979113902
7138523,0.007259985,0.09237074,0.900369275
7114504,0.006404659,0.025783094,0.967812247
7114523,0.004140288,0.038499346,0.957360366
7219944,0.022758302,0.026078954,0.951162744
7018015,0.022235574,0.121376676,0.85638775
6981460,0.053098715,0.150579995,0.79632129
6981513,0.15,0.1875,0.6625
7095171,0.051737374,0.115364087,0.832898539
6812106,0.029302478,0.185293552,0.78540397
6909111,0.19,0.18125,0.62875
7153719,0.001822101,0.022316592,0.975861306
7186400,0,0.0025,0.9975
7187321,0.000221048,0.019516045,0.980262908
7056620,0.031051093,0.154573672,0.814375236
6854164,0.012582016,0.01959405,0.967823934
7067516,0.00312181,0.023834612,0.973043578
6827845,0.056676576,0.086872339,0.856451085
6939622,0.007157121,0.075013311,0.917829569
6909642,0.013917372,0.085932853,0.900149775
6939435,0.001188322,0.060764991,0.938046687
6939510,0.012297136,0.104182139,0.883520725
6939764,0.004355919,0.057781453,0.937862628
6822579,0.005367386,0.075234577,0.919398037
7222664,0.00324026,0.048791172,0.947968568
7220232,0.000627009,0.079029154,0.920343837
7138357,0.011984925,0.044177235,0.943837839
7153878,0.002166108,0.035027428,0.962806464
7087845,0.005172211,0.050960932,0.943866857
7106678,0.009129354,0.032142394,0.958728252
7220055,0.001906531,0.023540028,0.974553441
7222712,0.017913128,0.139324782,0.84276209
7222742,0.009324184,0.04373408,0.946941736
7222687,0.019207771,0.153486204,0.827306025
7222813,0.006897166,0.068682594,0.92442024
7056705,0.013340893,0.089439343,0.897219764
7156313,0.016615449,0.037374676,0.946009874
7056704,0.006136694,0.034842465,0.959020842
7020840,0.069722124,0.111250987,0.819026889
6939815,0.01119512,0.052839984,0.935964896
6854154,0.050362017,0.163656853,0.78598113
6939834,0.002741613,0.019836408,0.97742198
6812339,0.020249026,0.042782156,0.936968818
6909324,0.014400987,0.112633094,0.872965919
6812052,0.020249026,0.042782156,0.936968818
6921146,0.012017971,0.030258281,0.957723748
7087784,0.013781691,0.041195733,0.945022576
7122476,0.106011905,0.079947917,0.814040179
7087803,0.054465503,0.06768373,0.877850767
7186939,0.027005208,0.133249137,0.839745655
7138704,0.074020442,0.115191498,0.81078806
7179328,0.0325,0.055,0.9125
7040243,0.02625,0.1096875,0.8640625
7020769,0.069962798,0.078986607,0.851050595
7081200,0.035368227,0.148684818,0.815946955
7018063,0.015695054,0.069056002,0.915248944
6965826,0.096058265,0.235598806,0.66834293
7082998,0.10156002,0.137081304,0.761358676
6966078,0.028732088,0.094925312,0.8763426
7087767,0.053857992,0.104819474,0.841322534
6928977,0.146119281,0.18657563,0.667305089
6835810,0.121280488,0.08515625,0.793563262
6854366,0.034605277,0.037474596,0.927920127
7106213,0.121276319,0.192975796,0.685747885
6972318,0.085752038,0.140786494,0.773461468
7051326,0.029042009,0.083098395,0.887859596
7067601,0.015620417,0.108599807,0.875779777
6998766,0.014638004,0.050787521,0.934574475
6811990,0.010469341,0.081166571,0.908364088
6885254,0.032246606,0.063658317,0.904095077
7153760,0.017095479,0.11997593,0.862928591
7095021,0.012919697,0.080068087,0.907012216
7138319,0.108777038,0.083434,0.807788961
7068379,0.001286765,0.019034513,0.979678722
6998113,0.002897347,0.031086544,0.966016109
6976842,0.006459374,0.02318599,0.970354636
6977310,0.009121531,0.029409735,0.961468734
7186773,0.016537785,0.052579444,0.93088277
7122447,0.022751146,0.067484329,0.909764525
7056501,0.019258376,0.164428386,0.816313238
7068819,0.018347977,0.141556377,0.840095646
7056400,0.012831677,0.081696802,0.905471521
6920987,0.041979488,0.209725842,0.748294669
7114436,0.02040625,0.075377711,0.904216039
7114520,0.094479167,0.136268601,0.769252232
6984393,0.022944712,0.068140977,0.908914311
7003844,0.095897131,0.146469652,0.757633216
6984430,0.1525,0.09,0.7575
6972207,0.0325,0.10671875,0.86078125
7153836,0.2825,0.170399306,0.547100694
7153875,0.218541667,0.021145833,0.7603125
6984391,0.242083333,0.06375,0.694166667
7156368,0.0694375,0.151845238,0.778717262
6850651,0.551561823,0.269838595,0.178599582
6850670,0.493442663,0.325947079,0.180610259
6850671,0.031657485,0.226966819,0.741375696
6840854,0.606845973,0.280083673,0.113070354
6845439,0.44764529,0.326665934,0.225688776
6822166,0.136643938,0.712735826,0.150620236
6845443,0.244781974,0.455116328,0.300101699
7034298,0.096422432,0.190587992,0.712989577
6914186,0.00796412,0.022472728,0.969563152
6888438,0.00127169,0.008943962,0.989784348
7100690,0.090543754,0.14331792,0.766138326
6914117,0.01125,0.0275,0.96125
6850935,0.002653534,0.028393253,0.968953214
7106352,0.001481243,0.014392212,0.984126546
6992809,0.022132759,0.05209672,0.92577052
6863012,0.051559108,0.089102324,0.859338568
6942686,0.078721762,0.328890324,0.592387914
6850207,0.053002985,0.173612791,0.773384224
7193930,0.016930686,0.06612323,0.916946084
6832327,0.012449157,0.083435901,0.904114941
7098636,0.01072467,0.06910808,0.920167249
7170504,0.100228561,0.269857863,0.629913576
7083526,0.217403503,0.394630061,0.387966436
7025429,0.482080795,0.276847747,0.241071458
6901405,0.328281162,0.337962176,0.333756661
6820528,0.049535942,0.259867187,0.690596871
7173396,0.0075,0.099314299,0.893185701
7185039,0.067707589,0.262958785,0.669333625
6943721,0.013511468,0.411882057,0.574606475
6839623,0.008891586,0.078724806,0.912383609
6942874,0.050248141,0.295376842,0.654375017
6943444,0.039518578,0.076634149,0.883847273
6884349,0.108599942,0.229778337,0.661621721
6861347,0.098362442,0.256115837,0.645521721
7092562,0.114107143,0.264277778,0.621615079
7173498,0.254884772,0.344218418,0.400896809
7083524,0.04172071,0.058147569,0.900131721
7032270,0.028229442,0.072832215,0.898938344
7002056,0.208717842,0.34777062,0.443511539
7061425,0.043915962,0.119461117,0.836622921
7084225,0.079580747,0.373089154,0.547330099
7018630,0.055223944,0.131178148,0.813597908
6907827,0.646289063,0.211171875,0.142539063
6920346,0.041139495,0.102354096,0.856506409
6895212,0.301694444,0.210819444,0.487486111
7018437,0.0165625,0.072932117,0.910505383
7084205,0.097708333,0.601979167,0.3003125
7126640,0.056312205,0.133703067,0.809984728
7083441,0.01375,0.054903846,0.931346154
6991533,0.1375,0.169161255,0.693338745
7019238,0.055801818,0.072495732,0.871702451
6908100,0.393035714,0.321838294,0.285125992
6867192,0.029995813,0.074758056,0.895246131
6821805,0.012722701,0.087146682,0.900130617
6873427,0.064460282,0.176057725,0.759481994
7019337,0.025536489,0.271074079,0.703389432
6868165,0.054096027,0.330051987,0.615851986
7193039,0.047608938,0.064453338,0.887937724
7019046,0.026251739,0.236054696,0.737693564
6873609,0.097181944,0.265415118,0.637402938
6853815,0.013441301,0.103709546,0.882849153
7221308,0.040744841,0.346633885,0.612621274
6948035,0.066365403,0.088289753,0.845344844
7061086,0.048781702,0.127977085,0.823241213
7018833,0.047531702,0.113102085,0.839366213
6854667,0.645,0.115,0.24
6821663,0.122672331,0.43544573,0.441881939
7120612,0.039732431,0.213800004,0.746467565
7158705,0.056540002,0.256709286,0.686750712
7019184,0.045272513,0.348989702,0.605737785
6944169,0.017793333,0.043820379,0.938386289
6966070,0.041448584,0.151722328,0.806829088
7187158,0.004232084,0.020785758,0.974982158
7087794,6.26E-05,0.016151149,0.983786225
7087855,0.000155032,0.01964792,0.980197048
6965706,0.001700118,0.017408315,0.980891567
7111546,0.005041644,0.038385029,0.956573328
6972159,0.003296234,0.024647933,0.972055833
7111774,0.018175503,0.091999169,0.889825329
7094674,0.038944453,0.193743038,0.767312509
7202632,0.036309693,0.109450998,0.854239309
6909662,0.011058102,0.128935576,0.860006322
6914416,0.075222701,0.206682879,0.71809442
6934632,0.069100171,0.186259238,0.744640591
6939742,0.022255417,0.135496013,0.84224857
6835848,0.00125,0.016286514,0.982463486
7105224,0.002931818,0.046907073,0.950161108
7131510,0,0.022570464,0.977429536
7223843,0.015174196,0.205544853,0.779280951
7034586,0.066029591,0.149517547,0.784452862
7029207,0.001330106,0.029951415,0.968718479
6934718,0.027878882,0.087423934,0.884697184
6885424,0.008337902,0.055699867,0.935962231
7213175,0.007035767,0.050021719,0.942942514
7034459,0.016867135,0.159418928,0.823713938
6967897,0.009039698,0.070065386,0.920894915
6939459,0.0025,0.046687158,0.950812842
6815466,0.00125,0.018179348,0.980570652
6841544,0.002546296,0.043626543,0.95382716
7207521,0.0025,0.022285943,0.975214057
6913654,0.087088318,0.214617289,0.698294394
6972167,0.106326877,0.148262502,0.745410621
7040679,0.013331068,0.176645787,0.810023145
