listing_id,high,medium,low
7171949,0.05367211,0.615010667,0.331317223
7185456,0.019704663,0.143039525,0.837255813
6921692,0.007608156,0.065698726,0.926693118
6855487,0.019823971,0.122099318,0.858076711
6943178,0.015271481,0.056249075,0.928479444
6911111,0.005275053,0.066895081,0.927829866
6901748,0.003719447,0.046067987,0.950212566
6873373,0.021233195,0.120300761,0.858466044
6902233,0.007611077,0.094476902,0.897912021
6910064,0.051917256,0.183855325,0.764227419
6873033,0.007945998,0.067800063,0.92425394
6937777,0.091585649,0.268578196,0.639836154
6910712,0.061749743,0.606852483,0.331397774
6855602,0.051749743,0.61523535,0.333014907
6854624,0.105646147,0.192428634,0.701925219
6855544,0.044958647,0.095184673,0.85985668
6867603,0.005282969,0.527540858,0.467176173
6902255,0.012952247,0.054772559,0.932275194
6918889,0.005024043,0.5315947,0.463381258
6943672,0.004989673,0.509042414,0.485967913
6854687,0.015591389,0.070443069,0.913965542
6888879,0.007264082,0.182161236,0.810574682
6921835,0.010490855,0.043321439,0.946187706
6938434,0.036530788,0.657060352,0.30640886
6921646,0.024030788,0.691560352,0.28440886
6943052,0.071564393,0.287757418,0.64067819
6854706,0.023568094,0.109108612,0.867323294
6922225,0.018237041,0.23697179,0.744791169
6873570,0.023218926,0.250177089,0.726603985
6854704,0.057141449,0.257798913,0.685059638
6937850,0.02888826,0.536724502,0.434387238
6901908,0.018306641,0.305968852,0.675724507
6910962,0.03263826,0.48870218,0.478659559
6922714,0.003936799,0.102400585,0.893662616
6855268,0.011427924,0.117405041,0.871167035
6942906,0.026818743,0.196873642,0.776307615
6910418,0.014406828,0.145667156,0.839926017
6901515,0.014318743,0.179192838,0.806488418
6814711,0.015785089,0.498619303,0.485595607
6868052,0.030658787,0.209863455,0.759477758
6867904,0.02388826,0.508891169,0.467220571
6889667,0.009533039,0.100554794,0.889912168
6901643,0.010560674,0.165930262,0.823509064
6937705,0.007283868,0.026745372,0.96597076
6922542,0.02388826,0.550035514,0.426076226
6866917,0.018306641,0.305968852,0.675724507
6889336,0.015487228,0.069806448,0.914706324
6855516,0.014053571,0.850543445,0.135402984
6938382,0.021375,0.796153564,0.182471436
6873017,0.021375,0.796153564,0.182471436
7079965,0.118616479,0.298103406,0.583280115
6938028,0.121928633,0.356367003,0.521704364
6873152,0.08634954,0.104427255,0.809223205
6855351,0.042012571,0.052092236,0.905895193
6867402,0.021162772,0.191859239,0.786977989
6943772,0.027899019,0.214456818,0.757644163
7061345,0.047018843,0.242525411,0.710455746
7134494,0.011322084,0.184356876,0.80432104
7158983,0.009326923,0.196244817,0.794428259
7195217,0.009326923,0.196244817,0.794428259
7061356,0.026134684,0.210432003,0.763433313
7136709,0.037727501,0.561022176,0.401250323
7160365,0.038046035,0.547754787,0.414199178
7136198,0.019759611,0.143599704,0.836640685
6969589,0.025848527,0.346844908,0.627306564
7060569,0.081752299,0.325102443,0.593145258
7049593,0.01876421,0.181040089,0.800195702
7171233,0.009959299,0.163716517,0.826324184
7110250,0.009473465,0.08167347,0.908853066
7079716,0.006849121,0.120484058,0.872666822
7173753,0.0135144,0.080256375,0.906229225
7115199,0.079758817,0.358002151,0.562239032
7172462,0.081631743,0.343164906,0.575203351
7194644,0.036342302,0.516351981,0.447305718
7049414,0.071862495,0.364582776,0.563554729
7110696,0.012120388,0.179383322,0.80849629
7226750,0.003800225,0.101178124,0.895021651
7159398,0.029168787,0.140199084,0.830632129
7209442,0.017974124,0.484123404,0.497902473
7126981,0.0140832,0.359172064,0.626744736
7172516,0.010185393,0.200693319,0.789121288
7111193,0.012632163,0.228266407,0.75910143
7158827,0.009552799,0.206410625,0.784036576
7159821,0.039787578,0.610442416,0.349770006
7173324,0.046873981,0.596798038,0.356327981
7200811,0.042090891,0.616599011,0.341310098
7127078,0.011847742,0.178070325,0.810081933
7159292,0.011112227,0.17545777,0.813430003
7110452,0.022973175,0.258541844,0.718484982
7159489,0.034207097,0.212690158,0.753102745
7210389,0.044449486,0.205012576,0.750537938
7092706,0.008197393,0.183118151,0.808684456
7050483,0.092349651,0.409887777,0.497762572
7092476,0.025329826,0.118334458,0.856335716
7142206,0.01602907,0.110397839,0.873573092
7110399,0.01602907,0.110397839,0.873573092
7060612,0.021658111,0.129944248,0.848397641
7060804,0.077069914,0.28935606,0.633574026
7171135,0.019138215,0.111280869,0.869580915
7210773,0.015689327,0.109283735,0.875026938
7105154,0.01956572,0.264086196,0.716348085
7065856,0.033848809,0.249040096,0.717111095
7093219,0.04566203,0.315848853,0.638489117
6958498,0.052772113,0.348667,0.598560887
6958670,0.137807234,0.335331243,0.526861524
7172107,0.08861169,0.251883713,0.659504596
7170974,0.058173208,0.302765425,0.639061367
7049435,0.141466665,0.440121283,0.418412052
6970100,0.158993133,0.552093956,0.288912911
7211772,0.119813387,0.355336817,0.524849795
7178339,0.047461426,0.489935816,0.462602758
7195130,0.048218963,0.449799286,0.501981751
7185281,0.04084979,0.444181629,0.514968581
7211847,0.132024701,0.654841904,0.213133396
7110961,0.105373085,0.716293294,0.178333622
6958983,0.140038423,0.524375145,0.335586432
7132113,0.058188583,0.237867866,0.70394355
7211478,0.097156199,0.219812864,0.683030937
7159499,0.062186587,0.212354711,0.725458703
7159769,0.053464216,0.227979728,0.718556056
7178180,0.068932797,0.248294986,0.682772217
7171459,0.018241976,0.185922214,0.79583581
7031715,0.063380435,0.175059927,0.761559637
7200626,0.035308712,0.649670155,0.315021133
7131955,0.028137501,0.673683573,0.298178927
6970077,0.131395541,0.580257827,0.288346632
7159269,0.040047466,0.665585674,0.29436686
7110982,0.026013895,0.695018006,0.278968098
7050454,0.043661281,0.640399565,0.315939154
6959739,0.067688004,0.602845799,0.329466197
7172339,0.037779838,0.356339894,0.605880268
7110150,0.048380454,0.309843054,0.641776492
7211573,0.10101017,0.495892239,0.403097591
7159626,0.117725488,0.47737806,0.404896452
6958226,0.092450724,0.37108446,0.536464816
6958652,0.086987181,0.625205512,0.287807307
6959521,0.123924892,0.494297759,0.38177735
7065959,0.123289997,0.475039108,0.401670895
7093390,0.137702168,0.455937665,0.406360166
7061476,0.036815147,0.172844739,0.790340114
6970295,0.205084501,0.445232152,0.349683347
6971227,0.144242734,0.419202167,0.436555099
6959589,0.069408156,0.215646695,0.714945149
6970445,0.121720089,0.613750855,0.264529056
6971271,0.169595052,0.374526332,0.455878617
7228472,0.001351672,0.013583244,0.985065084
7138188,0.000156109,0.061261811,0.93858208
7132580,0.007603306,0.045829534,0.94656716
7195581,0.006602014,0.114163796,0.87923419
7173477,0.008202725,0.158938007,0.832859269
7178174,0.025614038,0.17338875,0.800997212
7160246,0.008140969,0.053572167,0.938286864
7173057,0.083505361,0.287824633,0.628670006
7211584,0.0221573,0.084689541,0.893153159
7050324,0.042003019,0.246417572,0.711579409
7078706,0.073272131,0.503718954,0.423008915
7131595,0.004692706,0.044776449,0.950530844
7098642,0.02687073,0.161059557,0.812069713
7211024,0.07398987,0.33437845,0.59163168
7159052,0.045945822,0.222236802,0.731817375
7031636,0.043950028,0.189916932,0.76613304
7038755,0.005604998,0.076903006,0.917491997
7002333,0.012330886,0.067693494,0.91997562
7131962,0.071031794,0.21259036,0.716377846
7003176,0.017224487,0.410964875,0.571810639
7075003,0.018181026,0.090348472,0.891470502
7135579,0.00582415,0.252294548,0.741881302
7120656,0.014496293,0.05554792,0.929955787
7195212,0.026916953,0.190489155,0.782593891
7126641,0.062061946,0.275679731,0.662258323
7060557,0.070551444,0.308302675,0.621145881
7171863,0.229259451,0.431002246,0.339738303
7170200,0.079177633,0.383880631,0.536941735
7074110,0.159367366,0.411073202,0.429559432
7039564,0.00150769,0.061194647,0.937297663
7050490,0.012478399,0.140118961,0.847402639
7120702,0.021386878,0.270977276,0.707635846
7120732,0.041326174,0.236554899,0.722118926
7031140,0.033539969,0.397040734,0.569419297
7025890,0.012340409,0.158412782,0.829246809
7024864,0.006155501,0.114788089,0.87905641
7071556,0.012095086,0.128032955,0.859871959
7211113,0.061084905,0.426378386,0.512536709
7170153,0.00375,0.072549679,0.923700321
7201475,0.052679423,0.250583082,0.696737496
7031414,0.071470321,0.234241545,0.694288134
7192900,0.029387531,0.186153822,0.784458647
7071734,0.01389871,0.163098446,0.823002844
7074638,0.013034414,0.135123399,0.851842187
7032029,0.017641119,0.311812689,0.670546192
7025704,0.019267066,0.371098376,0.609634557
7032272,0.014141596,0.165892303,0.819966102
7093463,0.010342643,0.183436449,0.806220908
7134782,0.045337865,0.205222183,0.749439952
7078248,0.126528137,0.222199529,0.651272335
7139704,0.074562935,0.283800609,0.641636456
7139962,0.094154831,0.228111611,0.677733558
7074670,0.168278265,0.285265742,0.546455992
7032327,0.063868618,0.266593967,0.669537415
7033343,0.037232357,0.176481843,0.7862858
7031149,0.041033577,0.286876373,0.672090049
7008063,0.063469468,0.610992521,0.325538011
7210218,0.427672915,0.273927833,0.298399252
7232123,0.184944763,0.247549768,0.567505468
6957654,0.028425531,0.138226562,0.833347907
6847666,0.145618367,0.477567785,0.376813848
6875395,0.104338267,0.262587112,0.633074621
7186528,0.015745679,0.298570025,0.685684295
6909345,0.002642876,0.0127921,0.984565024
6909452,0.001465096,0.006906274,0.99162863
6921050,0.009256527,0.316469157,0.674274316
6992781,0.015966888,0.030396615,0.953636497
7072993,0.0240625,0.06644697,0.90949053
6939785,0.053856623,0.102686486,0.843456891
6944499,0.010043103,0.028521081,0.961435816
6992678,0.025151128,0.130449964,0.844398908
6921120,0.063863893,0.062708659,0.873427447
6914586,0.001360032,0.006443589,0.992196379
6917391,1.15E-05,0.010337914,0.989650587
6914115,0.002039578,0.009385747,0.988574676
6934285,0.002883074,0.02339364,0.973723286
6841758,0.014821222,0.258266629,0.726912149
6828039,0.002033071,0.053225266,0.944741663
6829860,0.00638403,0.046118859,0.94749711
6890022,0.003783148,0.028949318,0.967267534
6838569,0.052651456,0.16556361,0.781784934
6946354,0.006495635,0.050810054,0.942694311
6856004,0.028113636,0.123148466,0.848737897
6890028,0.039356196,0.125013934,0.83562987
6899800,0.02,0.041453125,0.938546875
6856006,0.042080357,0.141697249,0.816222394
6815266,0.01125,0.077720588,0.911029412
6967962,0.054722536,0.170693687,0.774583777
6915915,0.044267857,0.142139957,0.813592186
6930929,0.005542601,0.081470327,0.912987072
6890041,0.044184411,0.12059277,0.835222819
6936548,0.005010331,0.058099974,0.936889696
6946371,0.02129239,0.093074959,0.885632651
6838523,0.09375,0.181141927,0.725108073
6848269,0.010083333,0.03625,0.953666667
6899799,0.10375,0.184748115,0.711501885
6915918,0.02375,0.1125625,0.8636875
6930964,0.040519765,0.050463217,0.909017018
6899822,0.116596154,0.109509197,0.773894649
6838495,0.169918002,0.226440903,0.603641095
6899838,0.010164843,0.059145474,0.930689683
6941321,0.088080234,0.34969386,0.562225905
6890019,0.097745452,0.245851779,0.656402769
6890044,0.021968413,0.065763932,0.912267656
6848302,0.160439212,0.161366246,0.678194542
6856014,0.093644999,0.190821126,0.715533875
6946361,0.041470588,0.105745975,0.852783437
6930933,0.048244361,0.305656121,0.646099518
6890023,0.014927992,0.093799984,0.891272024
6868765,0.040818101,0.269172188,0.690009711
6845714,0.091430576,0.266664697,0.641904726
6826940,0.489083481,0.266094339,0.24482218
6913775,0.282073684,0.397733018,0.320193299
6834538,0.084877226,0.345953271,0.569169503
6826944,0.046274768,0.14034677,0.813378462
6826946,0.103126622,0.376275553,0.520597825
6913770,0.184450255,0.299348692,0.516201053
6913766,0.024422443,0.292184862,0.683392696
6845703,0.42382,0.224621509,0.351558491
6933665,0.037556897,0.116293348,0.846149756
6840695,0.076888096,0.357332448,0.565779457
6845718,0.056245809,0.428675534,0.515078657
6840697,0.528313053,0.337081616,0.134605331
6845720,0.528313053,0.337081616,0.134605331
6826943,0.771837121,0.085662879,0.1425
6868763,0.156428007,0.266505383,0.577066609
6845704,0.003620016,0.083560721,0.912819263
6845715,0.003543993,0.130210321,0.866245686
6868766,0.063738993,0.234844414,0.701416593
6933659,0.141134099,0.514749304,0.344116597
6834537,0.150799181,0.349701924,0.499498895
6927786,0.001523084,0.098021919,0.900454998
6867667,0.027857734,0.148250378,0.823891888
7019870,0.039152337,0.543960456,0.416887207
7116446,0.007165369,0.066364507,0.926470123
7033183,0.04507012,0.368986679,0.5859432
7002123,0.032713261,0.531627466,0.435659273
6851827,0.091210597,0.13990424,0.768885163
7146968,0.013206113,0.055738794,0.931055093
6888002,0.032144013,0.11382349,0.854032496
6884353,0.066823529,0.840414147,0.092762323
6913631,0.035211859,0.119242037,0.845546104
7171588,0.105916667,0.744611451,0.149471882
7172945,0.097583333,0.774632284,0.127784382
7116440,0.558273268,0.237119589,0.204607143
7121435,0.536939935,0.252869589,0.210190476
6976048,0.140416667,0.2175,0.642083333
6976220,0.296261029,0.568607329,0.135131642
7071610,0.158249466,0.400776127,0.440974408
7210016,0.506077703,0.264313867,0.22960843
7008129,0.096723996,0.188011471,0.715264533
7081932,0.045390834,0.181222357,0.773386809
6839755,0.570950964,0.200630618,0.228418417
6878445,0.141927696,0.790065662,0.068006642
6907457,0.034344121,0.207112991,0.758542888
6920710,0.104074083,0.2155444,0.680381517
7209597,0.111261583,0.201632635,0.687105782
7002005,0.038240757,0.349183754,0.612575489
6926996,0.031271062,0.074059622,0.894669315
6839204,0.462398532,0.3920266,0.145574868
6912926,0.628636364,0.176795184,0.194568452
7192659,0.539261364,0.234920184,0.225818452
7127079,0.0490625,0.166002476,0.784935024
7185487,0.01375,0.036375,0.949875
7195457,0.0075,0.041375,0.951125
7002775,0.180415206,0.268550118,0.551034677
6902296,0.009245703,0.030836144,0.959918153
6926785,0.014270833,0.100729167,0.885
6873889,0.048124566,0.780312395,0.171563039
6839280,0.058846154,0.097596154,0.843557692
6907367,0.005332458,0.038393034,0.956274508
7194128,0.030167874,0.138785044,0.831047083
7082091,0.177064063,0.378592967,0.44434297
6996189,0.016360354,0.112551313,0.871088333
6997131,0.049123527,0.448504659,0.502371814
6873166,0.048124566,0.780312395,0.171563039
6980760,0.011401497,0.094313554,0.894284949
6927441,0.023832113,0.135678635,0.840489253
6860867,0.3425,0.20875,0.44875
6862221,0.107232355,0.382344244,0.510423401
6902518,0.140510655,0.167559796,0.691929549
6913168,0.160922615,0.229670894,0.609406491
7032782,0.46455937,0.15755708,0.377883549
6819472,0.092753638,0.240840228,0.666406135
6831328,0.094453125,0.129867114,0.775679761
6901055,0.4815625,0.1990625,0.319375
6852396,0.6425,0.08625,0.27125
7192271,0.4990625,0.1840625,0.316875
6852394,0.72875,0.076979167,0.194270833
7227090,0.023001532,0.121205395,0.855793073
7183494,0.043477732,0.155398098,0.80112417
7216685,0.035297362,0.255356805,0.709345833
7216168,0.03272393,0.260297126,0.706978944
6824481,0.005426829,0.043499747,0.951073424
6825109,0.006966186,0.409578577,0.583455237
6823696,0.028625546,0.336346145,0.635028309
6864786,0.020369669,0.24761201,0.732018321
6907521,0.488257431,0.380194666,0.131547902
6851720,0.355777288,0.460659991,0.183562721
6897948,0.009449881,0.04175025,0.948799869
7166126,0.03028493,0.109320972,0.860394098
7100637,0.114344557,0.149603124,0.736052319
6992649,0.007133175,0.034391564,0.958475262
7068379,0.005015073,0.016540565,0.978444362
6998113,0.003912229,0.044937322,0.951150449
6976842,0.00606991,0.017871082,0.976059009
7068739,0.021182262,0.167883554,0.810934185
7027059,0.003390883,0.065584851,0.931024267
7027373,0.017075229,0.110476327,0.872448444
7067598,0.001359032,0.060575045,0.938065923
6977310,0.007133175,0.02393598,0.968930845
6909100,0.014246571,0.092308583,0.893444846
7212034,0.012407518,0.114865263,0.87272722
6934449,0.042736409,0.036132667,0.921130924
6998287,0.010844549,0.02115017,0.968005281
6984470,0.017012964,0.036721955,0.946265081
7014757,0.171496717,0.148168308,0.680334975
6928794,0.010290958,0.131208261,0.858500781
7056557,0.015003027,0.031413705,0.953583268
6835993,0.02893675,0.060407453,0.910655796
6909339,0.005786369,0.053875006,0.940338625
7122851,0.025239705,0.059835504,0.914924791
7051242,0.006899953,0.085890876,0.907209172
7015042,0.150519278,0.084441863,0.765038859
6928836,0.018311169,0.035617761,0.94607107
6928853,0.022120693,0.034318933,0.943560374
7100673,0.015235943,0.068335945,0.916428112
7114557,0.010677216,0.083417777,0.905905007
6836235,0.015678181,0.142800789,0.84152103
6929006,0.059180715,0.241194122,0.699625164
6854153,0.031982545,0.065981536,0.902035919
7153650,0.002505531,0.043988154,0.953506315
7153700,0.002505531,0.041317023,0.956177446
7153729,0.006331371,0.067347394,0.926321235
7111780,0.002896318,0.017877572,0.97922611
7082901,0.000557833,0.041931171,0.957510996
7082809,0.001617073,0.011778937,0.98660399
7153698,0.000145414,0.011523274,0.988331312
7153620,0.001401062,0.057833485,0.940765453
7186906,0.013349194,0.07177371,0.914877097
6909728,0.011189281,0.037390908,0.951419811
7187461,0.001847509,0.00309588,0.995056611
7186964,0.01495978,0.037340193,0.947700028
7068820,0.054810693,0.176642437,0.768546871
7027433,0.005933045,0.028360696,0.965706259
6885322,0.049705673,0.061041881,0.889252445
7026936,0.008956068,0.08002363,0.911020302
6972513,0.009005151,0.039145732,0.951849116
6965905,0.01083,0.046030046,0.943139954
6812266,0.00844154,0.032890859,0.9586676
7196393,0.039010573,0.056754991,0.904234437
7094836,0.020470748,0.080964636,0.898564616
7207729,0.030700319,0.02598364,0.943316041
6965737,0.023387966,0.115099743,0.861512291
6954783,0.033759382,0.021093066,0.945147552
7068358,0.017739059,0.101956021,0.88030492
6998542,0.022715507,0.321249101,0.656035392
6961772,0.020824083,0.031699863,0.947476054
7153803,0.003203484,0.01926024,0.977536276
7106332,0.00298862,0.025392147,0.971619234
6885427,0.070625969,0.16711966,0.762254372
7095284,0.087731556,0.046358311,0.865910133
6998731,0.077220372,0.047727758,0.87505187
6984497,0.026956536,0.070133382,0.902910082
6928402,0.039333021,0.064925754,0.895741225
6928587,1.39E-05,0.013789555,0.986196542
6885201,0.009281842,0.051323791,0.939394367
6885286,0.006050112,0.034962765,0.958987124
6961248,0.007506442,0.081498746,0.910994812
6928827,1.39E-05,0.012539555,0.987446542
7156346,0.023781907,0.063734234,0.912483859
6954777,0.026333061,0.071575226,0.902091713
6961653,0.021351461,0.036491471,0.942157068
7080934,0.027779923,0.050415911,0.921804166
7020749,0.091053922,0.081739665,0.827206414
7156232,0.003196439,0.082987177,0.913816384
7034452,0.042118246,0.140788348,0.817093406
7220067,0.006285962,0.126180315,0.867533722
6812050,0.013346989,0.068496185,0.918156826
7114672,0.124234868,0.081206706,0.794558426
7166554,0.165060347,0.218810181,0.616129473
7034078,0.114409401,0.118387998,0.767202601
6972187,0.079838824,0.135425593,0.784735582
6977315,0.17627803,0.081082921,0.742639049
6934579,0.135710177,0.043460588,0.820829235
6854413,0.030066457,0.058516983,0.91141656
6914630,0.041404992,0.04887268,0.909722328
6812345,0.138324316,0.119558186,0.742117498
7122823,0.065754811,0.131900906,0.802344282
7095222,0.058355998,0.047369315,0.894274687
6976888,0.075811673,0.045390148,0.878798179
6976834,0.075811673,0.045390148,0.878798179
7056494,0.031641343,0.063375834,0.904982823
7014671,0.027996871,0.10068602,0.871317109
6984394,0.088684544,0.197948091,0.713367364
7219769,0.004775161,0.064209008,0.93101583
7067516,0.003622065,0.037945747,0.958432188
6928786,0.004996719,0.028851337,0.966151943
6854197,0.005097559,0.021714821,0.97318762
7213044,0.007274771,0.031183404,0.961541824
7034119,0.025349623,0.086235448,0.88841493
7034480,0.007200943,0.043800921,0.948998136
6961560,0.004040588,0.061112742,0.93484667
6961356,0.034340995,0.084006133,0.881652873
6914078,0.006470805,0.022315286,0.971213909
7095294,0.002169006,0.040166796,0.957664198
7165953,0.006849497,0.069303014,0.923847489
7020683,0.077106211,0.15806866,0.764825129
6981437,0.006169477,0.06956882,0.924261703
6923899,0.08266361,0.159215896,0.758120494
7187588,0.030804781,0.135934697,0.833260523
6965972,0.017561697,0.046931407,0.935506897
7219829,0.035175542,0.096857621,0.867966837
7087811,0.337125,0.172913043,0.489961957
7094614,0.028818321,0.063058698,0.908122981
7138512,0.051178159,0.110989695,0.837832146
7217388,0.003838802,0.023440092,0.972721106
6977136,0.022658383,0.078161796,0.89917982
7080813,0.001433769,0.038661104,0.959905127
6981325,0.017410294,0.075307218,0.907282488
6961413,0.037323913,0.122965375,0.839710713
6998192,0.010335522,0.047415217,0.942249261
6822653,0.010705381,0.035595446,0.953699173
6928356,0.207429698,0.197787474,0.594782828
6981513,0.170104167,0.141145833,0.68875
7056449,0.013858025,0.074620827,0.911521149
7095171,0.040343288,0.146730603,0.812926108
6812106,0.033192617,0.262699196,0.704108187
6812504,0.012735291,0.067271178,0.919993531
6939488,0.130018742,0.084101508,0.785879749
6885078,0.093777626,0.055463293,0.850759081
6835885,0.038372713,0.076129196,0.885498091
6812041,0.067743532,0.080561781,0.851694687
7156369,0.009090278,0.080608974,0.910300748
7156326,0.084576264,0.068961107,0.846462629
7106367,0.189665308,0.089162308,0.721172384
7202821,0.010325008,0.013396635,0.976278357
6965689,0.013690866,0.082266122,0.904043012
7077622,0.069565788,0.058370935,0.872063277
6998289,0.047184208,0.051608446,0.901207346
7106726,0.03781044,0.031544564,0.930644997
7051266,0.080625,0.113691193,0.805683807
6817589,0.150279616,0.130627029,0.719093355
6939622,0.00297859,0.052628171,0.94439324
6939510,0.004180718,0.106782927,0.889036355
6939764,0.005181303,0.032923137,0.96189556
6822579,0.00522171,0.062679446,0.932098844
6928377,0.005181958,0.023316483,0.971501559
7220232,0.002459889,0.101605656,0.895934455
7138357,0.004217573,0.042092714,0.953689712
7153878,0.000180952,0.03531892,0.964500128
7087845,0.000187336,0.02188141,0.977931254
7106678,0.003940355,0.046269623,0.949790022
7220387,0.001333601,0.032168787,0.966497612
7222712,0.011716841,0.110401091,0.877882067
7222742,0.00269303,0.015895208,0.981411762
7222687,0.013829565,0.120926187,0.865244248
7222813,0.008317901,0.042681709,0.94900039
7056705,0.003893817,0.046406262,0.949699921
7056378,0.025377159,0.17263216,0.801990681
6977319,0.012754187,0.144009971,0.843235842
7020519,0.00142097,0.038735032,0.959843999
6939834,0.007645182,0.016662036,0.975692782
7187096,0.00650625,0.029990292,0.963503458
7081233,0.020476696,0.102112813,0.877410491
7018069,0.059166667,0.1515625,0.789270833
7153719,0.002074873,0.03266146,0.965263667
7186400,0.002511682,0.017532468,0.97995585
7187321,0.005192059,0.020439178,0.974368763
7056620,0.051862793,0.141190234,0.806946974
6854164,0.002818529,0.025614649,0.971566822
6965757,0.018418638,0.131003214,0.850578148
6981695,0.195971591,0.301612314,0.502416095
6972279,0.049567053,0.237296231,0.713136716
6998520,0.101365618,0.264368045,0.634266337
7067834,0.035829456,0.09476059,0.869409954
7017937,0.01636477,0.056872801,0.92676243
7020840,0.08246066,0.175785872,0.741753469
6854154,0.03381067,0.218482312,0.747707019
7114508,0.002550269,0.026327919,0.971121812
6954762,0.051537131,0.295045686,0.653417183
7068720,0.017212492,0.096304742,0.886482766
7219944,0.019661596,0.047191869,0.933146534
7018015,0.0114115,0.179126983,0.809461517
6981460,0.048780788,0.235230603,0.715988608
6909111,0.219761905,0.343363095,0.436875
7100679,0.127937317,0.112141622,0.759921061
6998766,0.025274691,0.068335179,0.906390129
6811990,0.011350634,0.056512559,0.932136807
6869690,0.047546928,0.163863945,0.788589128
6909642,0.013674862,0.156786439,0.829538699
7187042,9.33E-05,0.051259862,0.948646884
6939435,0.004235044,0.080628984,0.915135972
7222664,0.003247734,0.067478473,0.929273793
7220055,0.001604237,0.06572295,0.932672813
6992756,0.003918433,0.043955459,0.952126108
7017926,0.002995534,0.052081574,0.944922893
7056623,0.003140566,0.026798028,0.970061406
7156313,0.015216904,0.042506566,0.94227653
7056704,0.002823323,0.029245942,0.967930735
7138523,0.007315375,0.142268425,0.8504162
6939815,0.027144893,0.1169863,0.855868806
6827845,0.057198423,0.101174116,0.84162746
7114504,0.020047544,0.080921077,0.899031379
7114523,0.005057439,0.071023898,0.923918663
7122476,0.149375,0.055690789,0.794934211
7051452,0.19610119,0.241574302,0.562324507
6835810,0.11725,0.031405075,0.851344925
7106213,0.147203098,0.177486575,0.675310327
6972318,0.084735322,0.166776763,0.748487915
7051326,0.019548132,0.119204249,0.861247619
6812339,0.015178571,0.073976583,0.910844845
6909324,0.021836953,0.16244516,0.815717886
6812052,0.015178571,0.073976583,0.910844845
6812424,0.015,0.091233091,0.893766909
6921146,0.021988866,0.052261513,0.92574962
7087784,0.017836801,0.060787859,0.921375339
7087803,0.028447253,0.057131228,0.914421519
7186939,0.029525645,0.119676979,0.850797376
7138704,0.137010417,0.128130952,0.734858631
7179328,0.032266827,0.071871528,0.895861645
7040243,0.040714949,0.129900752,0.829384299
7020769,0.122613872,0.115049172,0.762336957
7081200,0.021260331,0.123969881,0.854769789
7018063,0.016807324,0.058259897,0.924932779
6965826,0.039084739,0.272027717,0.688887543
7082998,0.177020122,0.132049172,0.690930707
6966078,0.032911491,0.0906714,0.876417109
7087767,0.090835598,0.097398639,0.811765763
6928977,0.191426372,0.184257505,0.624316123
6854366,0.110349037,0.039707213,0.84994375
6914189,0.028010417,0.116927535,0.855062048
7186773,0.007758926,0.060594111,0.931646963
7067601,0.028449587,0.090411656,0.881138757
7122447,0.022681734,0.087824467,0.889493799
7056501,0.015199568,0.148692908,0.836107524
7068819,0.014463329,0.105960828,0.879575843
7056400,0.002809852,0.054763627,0.942426522
6920987,0.040151948,0.142775766,0.817072286
6885254,0.052152067,0.250207197,0.697640736
7153760,0.03263779,0.164536233,0.802825977
7095021,0.034489052,0.07998334,0.885527608
7138319,0.116198765,0.138645692,0.745155542
7153836,0.256281646,0.155111977,0.588606378
7153875,0.3775,0.03875,0.58375
6984391,0.33625,0.0575,0.60625
7114436,0.020152709,0.071538686,0.908308605
7114520,0.075002456,0.111477568,0.813519976
6984393,0.010708561,0.134098801,0.855192639
7003844,0.116470588,0.099892991,0.783636421
6984430,0.25825,0.08675,0.655
6972207,0.050215517,0.105853756,0.843930727
7156368,0.075197246,0.168740104,0.75606265
6850651,0.600826014,0.233045575,0.166128411
6840854,0.592613006,0.288604236,0.118782758
6850671,0.031298563,0.172029603,0.796671834
6845439,0.484130819,0.336224538,0.179644642
6850670,0.488616693,0.347673853,0.163709454
6845443,0.201034863,0.527272983,0.271692155
6822166,0.284675531,0.558038871,0.157285598
6903448,0.001290157,0.017991659,0.980718184
7186659,0.013073681,0.226287281,0.760639038
7004178,0.005049843,0.002385883,0.992564275
7034427,1.41E-05,0.010244448,0.989741427
6903666,5.43E-06,0.000297453,0.999697122
6903508,5.43E-06,0.000297453,0.999697122
6909564,0.00378382,0.007027893,0.989188287
6992832,8.84E-06,0.007606836,0.992384328
7133659,0.025,0.038828849,0.936171151
7009398,0,0.011707369,0.988292631
7040668,0.001382486,0.002862185,0.995755329
7015006,0.002532051,0.03679212,0.960675829
6903570,0.003764881,0.00764437,0.988590749
6992359,0.00182211,0.014703077,0.983474813
6944551,8.90E-06,0.000168925,0.999822171
7004059,0.00625,0.093824973,0.899925027
6977244,0.003211008,0.032364753,0.964424239
6850935,0.001432104,0.006205337,0.992362559
7100690,0.167044643,0.161389406,0.671565951
7034298,0.022490478,0.228194667,0.749314855
6914186,0.008776999,0.028229995,0.962993006
6888438,0.002510389,0.009626745,0.987862866
6914117,0.01375,0.0475,0.93875
6992809,0.017545912,0.043928032,0.938526056
7106352,0.001511375,0.027736471,0.970752153
6863012,0.048189037,0.094976383,0.85683458
7087840,0.003243751,0.025995963,0.970760286
6827769,0.042410514,0.099612396,0.857977089
6898122,0.131117258,0.126145015,0.742737727
6880612,0.023672481,0.121927326,0.854400193
7196784,0.066552482,0.045991643,0.887455875
7212384,0.010321502,0.090897327,0.898781171
6827741,0.012964682,0.209354556,0.777680761
7077086,0.052826128,0.262637928,0.684535945
6827682,0.025791219,0.199654005,0.774554776
6881040,0.02,0.09640625,0.88359375
7161404,0.028125,0.068125,0.90375
6885404,8.71E-05,0.010299818,0.989613046
7073003,0.003135375,0.058034644,0.938829981
7106562,0.001377809,0.012109039,0.986513152
6975493,0.011635459,0.047519786,0.940844755
6873791,0.043040821,0.191874525,0.765084654
6868341,0.027657555,0.130815231,0.841527213
6833626,0.007712917,0.102627057,0.889660026
6927713,0.027133822,0.461111842,0.511754336
6960173,0.092283469,0.40773597,0.499980561
7039243,0.019528384,0.13098993,0.849481686
7002235,0.080494244,0.549779825,0.369725931
6815738,0.047679901,0.565638211,0.386681889
6964939,0.051784792,0.605376814,0.342838394
7049453,0.025952012,0.283295039,0.690752949
7050251,0.005833206,0.0739176,0.920249193
6867411,0.071077396,0.264663238,0.664259366
6902071,0.017240772,0.152950789,0.82980844
6901862,5.79E-05,0.009655182,0.990286942
6867089,0.008737397,0.139051925,0.852210679
6867096,0.014435372,0.251240311,0.734324317
6818373,0.067211195,0.874101111,0.058687694
6963980,0.68485561,0.174320997,0.140823394
6959744,0.096673051,0.303052136,0.600274813
6816590,0.029427071,0.377533908,0.593039021
7002492,0.052610931,0.393299943,0.554089126
6935951,0.021375198,0.189438554,0.789186248
6906682,0.027655117,0.204296298,0.768048585
6868131,0.01414274,0.082717098,0.903140162
7002279,0.037664229,0.14817227,0.814163501
6867643,0.014211246,0.129175456,0.856613298
6815679,0.06717573,0.265848715,0.666975556
6868029,0.010428952,0.232510568,0.75706048
7177829,0.016448598,0.271042807,0.712508595
7001800,0.006128213,0.087050778,0.906821009
6958646,0.059289764,0.380839533,0.559870703
7178303,0.060785613,0.350746877,0.58846751
7141136,0.013647885,0.099850957,0.886501158
6959218,0.059500801,0.351591597,0.588907602
6816220,0.253684766,0.521561098,0.224754136
6867694,0.000628404,0.056660338,0.942711258
6832131,0.002768682,0.272004486,0.725226832
6947575,0.144454465,0.478871908,0.376673626
6973441,0.217772442,0.455886768,0.32634079
6958996,0.124687965,0.368408858,0.506903177
6959590,0.197934772,0.330578875,0.471486353
6978810,0.200010727,0.570477317,0.229511956
6996131,0.059604638,0.105194675,0.835200687
6902415,0.564647855,0.336636492,0.098715653
6902541,0.014813573,0.064799967,0.92038646
7038969,0.058303027,0.127712068,0.813984905
6964610,0.037642288,0.166361574,0.795996137
6979433,0.048021005,0.264833119,0.687145876
7039178,0.127959594,0.410821308,0.461219097
7001889,0.017951587,0.734529309,0.247519104
6910478,0.045810857,0.149967536,0.804221608
7141776,0.424418819,0.326773409,0.248807772
7001948,0.437827924,0.311883815,0.250288261
7039545,0.05588395,0.133666023,0.810450027
6922386,0.210458363,0.419388609,0.370153028
6958381,0.125218053,0.324510358,0.550271589
6945567,0.008372253,0.168956107,0.822671639
7091378,0.152339481,0.202544391,0.645116128
7052232,0.084166009,0.23929302,0.676540971
7140948,0.104034339,0.375304497,0.520661164
6978975,0.045695486,0.474580666,0.479723848
7153860,0.002600497,0.008505901,0.988893602
7111931,0.003128781,0.023993679,0.97287754
6885155,0.010793022,0.046485511,0.942721467
6841144,0.007441198,0.01928979,0.973269013
6822654,0.00815051,0.036988636,0.954860853
6914023,0.000236231,0.012643739,0.98712003
6914775,0.001977686,0.022685165,0.975337149
7114540,0.015523706,0.027401421,0.957074873
7153838,0.02047376,0.025566132,0.953960108
6874978,0.004294703,0.07464311,0.921062186
6899272,0.07362022,0.280310464,0.646069316
6944417,0.024174093,0.115939459,0.859886449
6835551,0.012702156,0.046408533,0.940889311
6939742,0.010796168,0.076901592,0.912302239
7094223,0.249375472,0.213769725,0.536854803
7106118,0.148138736,0.184547171,0.667314093
6972097,0.005649738,0.056193571,0.938156691
6994422,0.115857778,0.23995764,0.644184582
6971998,0.005649738,0.056193571,0.938156691
7076890,0.004660309,0.080959701,0.91437999
6827757,0.00941561,0.07522092,0.91536347
6835848,0.007546296,0.0275,0.964953704
7105224,0.01453226,0.125645838,0.859821903
7223843,0.008825254,0.239926875,0.751247871
7000820,0.002586135,0.070536213,0.926877652
7034586,0.05451583,0.193609283,0.751874887
7029207,0.003758993,0.040309819,0.955931189
6934718,0.012980215,0.167932171,0.819087614
6885424,0.009482252,0.041559523,0.948958224
7109702,0.00038758,0.048932949,0.950679471
7034459,0.019577259,0.178432769,0.801989973
6967897,0.006267123,0.037980206,0.95575267
6939459,0.00125,0.03,0.96875
6815466,0.00625,0.0375,0.95625
7207521,0.00278041,0.037576059,0.959643532
6913654,0.144960028,0.208806457,0.646233515
6972167,0.154469391,0.206520863,0.639009747
7040679,0.012538034,0.122300604,0.865161362
7166056,0.007637355,0.01535036,0.977012285
6936534,0.014473034,0.048391941,0.937135024
6915848,0.01153797,0.071689395,0.916772635
7087769,0.007642544,0.024034996,0.968322461
6894036,0.02084878,0.08130424,0.89784698
6982975,0.016274601,0.053799726,0.929925673
7048395,0.012391113,0.059494032,0.928114855
6891152,0.09276445,0.3172318,0.59000375
6841157,0.005223994,0.104059926,0.890716081
7138615,0.025710273,0.145242912,0.829046815
7131510,0,0.0128125,0.9871875
7196313,0.06309588,0.1508315,0.78607262
7034833,0.009462847,0.558530858,0.432006294
7034387,0.008760606,0.546013009,0.445226385
7034362,0.014311738,0.237671932,0.748016329
7034269,0.007908101,0.121670986,0.870420913
7017982,0.030921943,0.131470996,0.837607061
6854306,0.007712464,0.01070914,0.981578396
6900707,0.009190311,0.053552149,0.93725754
6913646,0.011313813,0.137781103,0.850905084
6944273,0.232869801,0.148587498,0.618542701
6928700,0.11598763,0.169933329,0.714079041
6846359,0.012435714,0.078604899,0.908959387
6863197,0.035356449,0.104540422,0.860103129
6928925,0.01799056,0.130623212,0.851386228
7122634,0.045744346,0.08460201,0.869653644
7109521,0.010080614,0.012396133,0.977523252
7208324,0.001356609,0.006272854,0.992370536
7227956,0.034942659,0.170283486,0.794773855
7228547,0.020065949,0.048586385,0.931347666
6966098,0.124047586,0.151990957,0.723961457
7073066,0.350862757,0.219520427,0.429616815
7109137,0.004262927,0.011115078,0.984621995
7056402,0.021546385,0.14153952,0.836914095
6961700,0.011805289,0.06113298,0.92706173
6841687,0.025555934,0.0775022,0.896941866
7136834,0.015,0.080416667,0.904583333
6934430,0.007741427,0.040703154,0.951555419
7176315,0.040310011,0.102372142,0.857317847
7176327,0.004164027,0.1093924,0.886443573
7205463,0.001261682,0.018755669,0.979982649
7199141,0.056701198,0.118757174,0.824541628
6977287,0.002587523,0.066866447,0.93054603
6992321,0.026379075,0.053392051,0.920228874
6987294,0.006943694,0.085834786,0.90722152
7048256,0.016381402,0.048166425,0.935452172
6835920,0.024816656,0.051081191,0.924102153
6894807,0.007511682,0.012644558,0.97984376
6876746,0.019291755,0.056567121,0.924141124
7218631,0.04959819,0.142023916,0.808377893
7190664,0.011432928,0.061578885,0.926988187
7168174,0.013840598,0.066705436,0.919453966
7122643,0.024851731,0.052553519,0.92259475
7189302,0.030189621,0.116659662,0.853150717
7230203,0.015363791,0.039084727,0.945551482
7103022,0.0818717,0.067644334,0.850483966
7109757,0.03625,0.072833333,0.890916667
7218696,0.04459819,0.102023916,0.853377893
7090862,0.037148527,0.030892191,0.931959282
7059128,0.016321565,0.050280357,0.933398078
6983010,0.025027778,0.046875,0.928097222
7022403,0.02844254,0.080040449,0.891517011
7042259,0.02320165,0.061803355,0.914994995
7113295,0.034513369,0.077922571,0.88756406
7020185,0.084375074,0.228647872,0.686977054
7074817,0.020287407,0.045108872,0.934603721
7029301,0.015777359,0.152284526,0.831938116
7079068,0.020696915,0.090575792,0.888727293
6963323,0.011689273,0.045724308,0.942586419
6900156,0.06780012,0.186592714,0.745607166
6814961,0.04910191,0.104445527,0.846452564
6915836,0.034596852,0.09203361,0.873369538
6882778,0.012414375,0.035047899,0.952537726
6913664,0.369289914,0.214895671,0.415814415
7219994,0.042472481,0.156555016,0.800972503
7095152,0.003028772,0.025360702,0.971610526
7040185,0.006514756,0.062576609,0.930908635
7210648,0.005351932,0.081944787,0.912703282
7037314,0.001473785,0.05646064,0.942065575
6906696,0.028775988,0.139109863,0.832114148
6923880,0.011253397,0.035731931,0.953014672
6853520,0.055429592,0.22125831,0.723312098
6853028,0.049780743,0.072198138,0.878021119
7131511,0.001259941,0.016517785,0.982222274
7155274,0.013028128,0.062594344,0.924377527
7153653,0.003151062,0.072778082,0.924070856
7128736,0.05441712,0.155459594,0.790123287
7094991,0.00139881,0.094828869,0.903772321
7095194,0.003953379,0.117377976,0.878668645
6977334,0.012532051,0.112833954,0.874633995
7080221,0.087508412,0.115310919,0.797180669
7038282,0.00375,0.019114583,0.977135417
7016709,0.002924733,0.010304484,0.986770783
6853086,0.015523639,0.122259872,0.86221649
6903774,0,0.00644972,0.99355028
6869567,0.082734501,0.029819511,0.887445989
6827545,0.020737561,0.089508574,0.889753865
7205361,0.001314022,0.007800807,0.990885171
6834576,0.107728052,0.276399323,0.615872625
6863517,0.009101465,0.068639576,0.922258959
6869622,0.009487247,0.07278369,0.917729063
6884167,0.036584556,0.144289819,0.819125625
6857007,0.023162431,0.096963652,0.879873917
7182218,0.010031378,0.150177888,0.839790734
7223290,0.016328125,0.155819129,0.827852746
7082464,0.001339937,0.067259352,0.931400711
6966185,0.010776715,0.098734412,0.890488873
6961412,0.001802602,0.117274667,0.880922731
6939517,0.00126499,0.04113004,0.95760497
6852391,0.030418956,0.097608974,0.87197207
6915925,0.016281242,0.051590664,0.932128094
6882746,0.048881766,0.066091735,0.885026499
7113384,0.029029923,0.067483893,0.903486185
7016420,0.010114621,0.039385819,0.95049956
7059097,0.028065045,0.09099565,0.880939305
7063790,0.030188584,0.086778004,0.883033411
6963341,0.05762931,0.05673913,0.885631559
6821472,0.064032379,0.105208771,0.83075885
6965449,0.119176151,0.255504581,0.625319268
6933392,0.030836564,0.233105752,0.736057684
6872894,0.003823548,0.033697277,0.962479176
7148788,0.001258855,0.009438719,0.989302426
6897967,0.010222472,0.055110911,0.934666616
7227986,0,0.0075,0.9925
7098065,0.001307614,0.008193015,0.990499371
7109546,5.76E-05,0.006943015,0.992999371
7176325,0.012702552,0.071201167,0.916096282
6986224,5.76E-05,0.010693015,0.989249371
6934326,0.001442037,0.026897844,0.971660119
6827058,0.011633343,0.124489802,0.863876855
6934145,0.029687646,0.156322994,0.813989361
6934153,0.010947957,0.096209882,0.892842162
6939010,0.010860953,0.46235196,0.526787087
6856734,0.013100583,0.079852105,0.907047312
6822283,0.004045203,0.283742053,0.712212744
6923479,0.004993165,0.057118619,0.937888215
6890790,0.017686297,0.142054239,0.840259464
6868853,0.010827251,0.503588197,0.485584552
6873991,0.014446108,0.277116057,0.708437835
6868818,0.013613822,0.159871443,0.826514735
6948406,0.023504272,0.116874937,0.859620791
6944008,0.025517293,0.196580703,0.777902005
6913836,0.079778555,0.169101309,0.751120136
6938962,0.003780488,0.04367174,0.952547772
6883799,0.002548233,0.025194297,0.972257471
7165609,0.024300493,0.127220868,0.848478639
6934106,0.001429782,0.040262945,0.958307272
7133045,0.004987276,0.062673435,0.932339289
7121691,0.00890175,0.282961776,0.708136474
7153529,0.02625,0.038333333,0.935416667
7133063,0.066313301,0.247061564,0.686625135
7165670,0.020165881,0.05438106,0.925453059
7127723,0.003598392,0.200787083,0.795614525
7153648,0.003866431,0.041471405,0.954662164
7130192,0.02375,0.09765625,0.87859375
7121688,0.091873274,0.258418287,0.649708439
7150842,0.001292759,0.032751164,0.965956076
7165624,0.00456914,0.141358298,0.854072563
